1000 1000 1 1 1 1 1000 1000
569 318 0 0 3 56 100 243
1 1 1 1 1 1 1 1
187 419 19 389 163 87 16 15
578 623 250 206 387 513 416 319
115 781 28 108 93 38 110 37
712 95 675 47 405 584 30 295
771 473 399 2 410 420 116 676
265 726 66 301 128 28 179 112
330 452 278 229 294 102 46 67
606 387 326 181 490 446 432 526
522 384 164 267 40 194 456 283
775 526 64 173 25 322 454 230
723 735 617 359 437 412 431 285
717 33 29 10 446 284 502 169
971 158 685 108 525 559 877 682
30 143 17 96 6 28 11 10
904 586 826 459 492 739 656 121
275 996 62 589 260 229 33 30
614 960 6 68 256 572 395 328
736 515 444 88 188 34 84 667
99 866 39 336 53 59 7 61
195 436 134 105 15 175 123 193
711 636 51 426 357 275 39 129
342 673 315 584 162 87 246 100
725 403 478 176 100 574 719 194
434 9 341 4 57 194 97 113
944 153 179 73 452 128 872 794
40 655 14 560 2 21 4 6
416 565 280 502 115 236 373 324
349 384 72 353 290 58 187 104
5 576 1 284 3 2 3 5
4 707 0 604 4 3 2 3
391 175 22 48 100 10 358 234
995 324 569 212 869 111 149 643
476 181 114 67 206 114 44 277
937 15 124 7 303 72 739 247
680 292 606 49 583 266 7 89
862 728 591 310 448 821 754 355
841 495 168 41 785 636 607 94
638 710 410 252 227 262 118 154
452 946 360 507 192 317 370 201
276 591 20 79 91 39 134 55
557 582 462 338 255 79 132 334
536 15 328 13 118 44 172 41
382 842 148 774 232 357 345 327
281 998 209 811 35 172 194 53
915 194 520 44 766 489 70 748
610 691 563 91 46 311 504 547
252 498 1 191 236 87 89 37
632 633 434 5 278 28 60 472
221 556 95 485 91 10 80 71
708 560 277 507 374 47 620 337
208 414 105 205 201 102 184 184
910 214 547 179 382 238 864 802
233 753 180 411 202 8 94 118
165 391 23 126 156 113 103 11
118 680 108 105 65 81 84 66
836 920 449 848 242 1 455 706
598 943 201 678 448 132 456 1
154 209 10 106 127 15 55 154
344 26 104 15 160 273 341 211
720 608 294 120 93 330 395 42
744 823 436 715 179 75 212 516
227 258 13 228 103 72 85 5
45 420 24 258 45 26 27 14
745 86 149 62 267 594 105 455
336 422 312 418 280 124 206 75
885 415 648 214 698 703 799 169
504 692 195 142 117 489 94 150
134 973 53 637 126 60 125 105
197 922 148 368 6 187 70 124
578 571 56 571 159 327 221 37
410 13 64 4 1 372 94 376
514 637 81 344 484 157 2 80
190 322 100 29 153 159 188 162
579 523 13 353 534 522 511 468
928 920 604 540 150 235 381 719
96 801 52 612 5 33 19 51
226 118 97 66 126 48 23 15
802 844 467 13 783 607 73 792
248 691 137 156 213 157 156 12
61 121 56 59 58 27 52 49
390 88 40 88 307 259 45 108
573 564 218 247 480 360 304 568
349 745 153 247 307 314 182 344
115 195 102 46 7 9 83 53
373 346 356 184 264 99 276 232
265 170 104 134 256 163 136 156
850 255 504 54 701 371 124 218
17 171 13 43 6 8 3 15
643 469 290 388 625 435 337 423
698 804 317 139 462 386 323 671
250 840 241 397 60 87 19 179
757 827 145 31 371 250 325 756
25 959 8 825 12 9 6 11
112 975 25 51 34 108 56 11
67 739 0 308 39 40 39 15
219 920 211 196 18 156 149 176
994 350 448 220 358 678 705 48
701 484 94 121 330 42 302 599
654 717 382 141 515 284 490 256
535 54 388 25 512 104 97 282
885 255 436 142 158 346 331 615
115 156 5 156 76 33 58 37
714 867 538 774 308 220 476 458
869 226 598 47 381 716 657 143
546 302 358 204 226 405 42 38
62 372 44 276 41 12 35 13
99 614 60 106 57 8 29 5
391 380 364 314 34 189 246 190
295 393 157 256 185 63 96 83
134 902 44 444 56 131 65 132
371 953 302 622 241 315 318 82
249 756 113 576 245 63 168 213
609 340 35 326 337 120 51 584
555 817 349 797 509 466 490 106
90 194 74 83 63 27 18 44
705 781 289 749 612 591 268 431
815 231 216 84 487 715 796 601
654 1 242 0 528 532 456 159
645 319 506 179 363 599 328 564
335 8 288 3 109 150 168 243
615 801 29 699 482 478 399 165
125 61 7 45 114 14 90 111
60 976 19 710 30 34 22 56
1 482 1 204 1 1 1 1
338 51 158 45 266 105 114 108
677 131 311 60 491 314 387 165
729 672 450 116 115 97 445 728
795 722 92 367 317 648 26 179
388 878 54 765 250 173 203 227
667 128 34 50 340 451 609 46
838 132 426 30 467 717 770 109
467 74 270 72 196 232 275 45
379 890 184 571 6 125 375 168
110 809 27 51 23 93 41 2
285 870 22 419 139 268 247 45
312 626 116 115 231 221 184 42
14 289 1 66 5 8 6 9
636 159 496 9 240 618 113 536
243 789 15 536 108 132 99 226
676 92 551 34 432 374 180 265
274 445 139 186 142 165 71 101
3 646 3 641 1 2 1 3
780 993 523 656 203 497 146 159
849 608 574 409 407 723 216 831
384 959 339 206 371 23 137 134
36 484 1 278 27 16 35 10
132 136 8 66 129 47 12 53
566 468 99 26 381 158 221 42
759 843 755 412 301 292 552 366
247 949 184 472 105 195 109 88
827 792 407 618 92 69 762 528
455 319 321 221 98 227 361 203
396 799 306 779 390 190 147 309
566 975 545 956 400 163 521 535
350 319 144 298 6 30 314 112
748 887 191 440 200 684 169 539
774 641 15 490 224 626 113 266
91 672 15 242 84 64 45 91
73 219 54 209 10 7 47 72
33 166 30 3 28 23 26 6
751 177 287 72 177 326 294 62
766 715 759 138 613 253 717 421
363 361 53 357 290 73 337 238
684 71 566 55 253 394 49 284
550 744 399 343 338 433 27 503
949 768 700 42 945 677 814 901
642 340 88 309 34 508 245 77
814 50 382 5 10 18 420 775
307 977 245 368 197 152 254 201
212 752 30 239 72 150 51 117
633 35 474 25 202 234 630 86
261 449 111 185 93 45 178 109
247 526 245 436 161 27 121 52
16 543 6 542 12 15 16 12
793 300 174 253 196 12 688 458
490 450 213 47 332 367 218 368
394 632 280 171 262 197 381 377
635 551 404 381 289 340 278 221
439 301 270 172 28 192 71 39
985 635 430 271 618 105 861 621
483 851 53 153 392 56 108 340
55 357 37 110 1 34 51 52
746 486 442 271 334 544 105 534
50 951 15 911 1 37 47 35
987 56 74 25 76 845 302 550
714 312 384 309 461 635 132 677
332 138 284 124 5 42 67 59
160 766 101 260 14 121 95 81
656 261 164 18 530 355 388 516
746 564 497 315 466 474 211 668
229 889 192 690 71 117 62 160
565 537 84 213 382 290 280 69
725 635 270 342 593 644 326 63
157 270 102 45 111 123 66 74
506 752 240 184 230 100 218 252
992 431 361 71 839 661 575 380
680 333 262 104 119 227 443 475
608 528 470 134 144 476 52 81
763 684 243 527 372 171 448 439
245 413 98 199 70 149 134 9
268 72 62 69 182 31 41 61
678 685 552 153 353 217 278 675
630 777 259 672 354 175 594 458
369 915 248 169 126 97 312 324
860 606 105 564 257 799 317 114
735 972 478 192 275 226 136 607
909 772 453 20 492 245 468 336
943 70 577 24 835 93 382 943
249 979 88 976 192 174 171 77
299 749 45 419 187 57 60 188
614 894 77 373 227 252 448 373
806 119 262 23 734 417 335 467
951 423 574 250 332 617 520 434
962 286 748 83 358 622 35 690
87 328 18 100 44 76 21 82
750 586 638 406 308 366 726 110
390 296 343 19 149 226 172 42
864 913 134 544 26 230 684 384
29 222 14 179 12 3 12 13
419 841 245 587 358 199 34 374
690 24 654 22 321 46 359 294
250 386 63 358 87 140 250 115
464 154 294 50 275 99 206 197
708 735 687 610 301 342 436 703
941 160 839 79 816 619 554 765
124 163 99 33 5 45 68 32
855 880 486 94 667 525 574 626
891 625 647 31 534 620 859 685
599 853 79 782 144 321 578 215
303 587 10 282 161 24 280 74
182 813 70 783 59 55 39 59
851 756 529 0 92 721 23 456
920 363 629 5 423 758 288 606
16 554 5 27 8 14 3 5
306 424 7 273 26 294 234 121
507 362 32 227 472 23 423 84
595 493 452 388 410 586 29 88
689 118 89 85 140 343 3 293
106 247 99 98 86 22 59 17
385 556 81 390 372 171 257 353
655 15 37 0 250 267 264 636
904 753 293 593 234 18 893 547
912 25 748 15 529 412 886 561
159 323 156 301 43 117 98 118
770 563 199 39 530 661 742 525
333 547 72 97 188 14 26 300
980 302 440 264 113 858 484 332
472 761 280 271 236 318 103 93
953 514 263 1 793 575 757 27
916 728 857 180 679 856 14 622
501 986 490 70 69 230 151 429
20 476 10 87 6 12 12 18
578 79 9 22 186 474 355 39
456 344 351 289 95 411 271 51
132 247 58 2 82 3 48 18
446 489 27 22 49 129 150 62
