10000
121071
379455
15858
235087
101518
860496
470817
969377
412121
682927
633990
380176
473108
267040
728571
68656
253838
882130
566605
317497
472624
791535
899504
722620
973079
525999
94572
888229
29744
314693
54764
488110
411192
881966
25976
162835
337926
902101
11167
661901
970263
399382
336509
66851
219431
204000
851540
179142
331758
269191
100802
618191
767500
110059
147524
405836
819226
158742
283679
350909
676226
357678
650411
983273
882643
435251
391838
674248
904321
709620
321181
413159
689800
271364
763546
314989
871163
182589
430599
55363
329583
134306
401516
379166
512269
160804
12390
47814
170624
167835
94458
120860
151189
855321
499781
981956
527926
891617
716727
435043
443726
325207
899603
805239
389730
663149
244715
93956
145773
363878
420209
325922
464377
279934
16217
373343
730271
797294
792610
764719
113664
396966
916786
695634
274991
907840
194932
101270
350994
425863
169361
122271
492177
448760
748544
259188
387694
54457
537685
50590
884367
848889
18386
838823
345462
631604
220328
919293
104361
351283
322352
3529
405327
212324
139877
236307
638251
788457
91394
951911
25910
343432
792149
281254
363921
643758
40045
286111
82959
788214
50494
164142
826494
579749
764176
300244
812975
48977
564848
131426
53788
358649
18997
802946
925525
508992
709892
225446
358003
580852
679300
247046
823813
816302
942535
71685
487758
146291
650724
771195
480921
810078
433959
436301
640848
218180
343242
460124
129707
144931
712044
360888
641731
285788
513267
141921
103127
863319
505000
542622
213939
399119
538219
306316
561098
94583
994053
262307
893633
173785
879770
729610
295531
564445
809148
40452
472065
677822
29635
460586
882839
518900
125289
821882
641315
302735
478006
167159
315072
311103
727006
787650
478953
879053
302927
217972
704632
499927
616417
634470
293598
94298
223033
792787
322426
296627
627535
723016
90624
272940
877290
588158
537802
161618
606860
605521
454330
84865
557020
745157
665747
275015
384357
264005
608231
809680
517254
365018
146195
783323
437271
835755
490212
125587
26125
886489
459084
565333
898045
560292
35223
345672
113825
339123
455967
455747
283976
34159
737585
831984
69487
172492
426022
419213
65309
766847
450564
98572
417171
967340
245908
886865
317300
19427
976437
62464
837372
111023
165676
89647
337797
43228
172884
672612
558048
802864
227753
298517
63512
738151
96987
942922
324315
959191
737469
579398
639735
430081
396556
535396
210495
44645
381882
701106
745287
792530
80875
582658
686462
528257
377455
225255
498872
857232
72133
170809
174300
825358
464748
237811
638156
167562
803496
934083
258933
34732
725957
62430
211059
477311
370347
571670
933668
287927
408193
819991
280017
272756
783005
60295
817196
122298
948923
49001
149498
118107
93192
588602
855182
52306
176878
508218
342097
173138
73420
508436
46806
459710
258618
446278
783962
154012
17562
998995
437028
750258
424991
646691
70988
715010
571224
441034
675082
520146
621158
866716
973076
707837
999067
257735
746003
486815
688178
88100
865722
603404
621501
26726
752097
118944
212947
536058
241169
282397
130724
32801
501433
589549
235411
46488
981131
320838
612883
943320
355188
147096
725145
288460
480566
649402
795580
77984
226522
66362
622011
405216
169431
38533
854555
176656
76523
527029
77317
26647
682059
813008
777258
595286
715122
566548
198505
935873
103905
557330
347418
756775
433533
572553
13488
621296
263125
720001
492518
734826
425452
371244
443024
700410
858524
882147
203645
39637
463852
318984
228280
813747
667229
786046
952089
287502
958013
78791
566324
217396
610573
694527
85573
45018
73742
133636
52332
837246
552353
776615
947861
196903
621578
38424
809758
59585
989723
51426
88318
31115
370409
345265
794957
77211
22193
192476
308162
166448
5322
272384
672607
607570
406347
308825
599596
95542
665952
503839
75382
295191
848543
337702
398276
667010
668557
208034
168319
682773
259458
776670
77967
144070
669173
358957
290253
584719
740543
137451
71870
113852
149572
105054
413468
683314
886690
538696
528270
167083
147045
796437
32534
481952
343985
219270
674850
12541
957974
36769
738704
423873
607373
52326
389909
449574
870275
293957
533263
607809
441518
29698
721659
37594
389659
944518
284359
492709
792193
540657
623875
932687
423100
185473
947664
503234
628646
324877
293827
417427
33192
624754
14343
421976
400474
708160
452227
624100
534984
919014
17959
573336
114592
930835
125133
704951
296518
572927
82600
167228
805381
306525
800691
890444
202426
87001
25360
328078
144567
38753
914695
613462
992220
26055
660874
303217
969515
170202
603948
919468
965639
647440
207290
132195
276062
871768
130326
270315
425223
891720
421171
461374
504983
923435
434829
204415
524639
398245
820971
123245
95141
326303
422308
137796
930794
787517
811064
192261
535105
423061
300058
123854
51326
746905
223040
559865
245733
231310
415089
383700
873476
174248
587791
43876
325555
393719
85875
505374
969468
563825
633360
693400
590956
569871
748671
14091
559675
799842
768060
783299
696077
708328
480811
446427
110163
733776
22902
233325
157789
107321
343019
578084
328744
49306
480088
628877
826727
272006
41260
102283
21817
740596
701877
6731
310467
454829
334635
991925
416135
457793
317393
114934
733006
280918
322445
427945
14693
655317
90802
367128
686338
730281
734161
780559
946779
969831
871385
513077
99207
157171
480062
596869
496114
696143
925288
904552
10190
109931
896476
324025
6384
728073
911234
762745
8990
238695
190689
347720
408215
444955
145552
412502
308232
723937
668638
255010
57932
776516
240798
228605
968134
235064
870739
123760
931205
446399
452940
372962
343561
71110
998492
831073
491239
307634
593817
642920
134817
373686
715726
306851
751564
715366
89453
258134
126443
247654
954104
271692
42625
453253
146445
358838
944167
545530
921056
539685
395074
902031
699863
461518
779482
730124
264190
381227
626246
372211
542128
983135
868202
245986
332500
633541
270547
910952
246672
816433
495442
709983
119839
418326
952551
390066
694752
368250
627330
130013
104021
350444
683021
934798
436924
662272
365863
215318
62700
805370
587527
795471
989672
972137
697537
35839
12246
616902
469787
902707
285158
153589
360471
533969
448638
291465
485423
143389
102615
511578
893984
276157
97757
819646
271925
48885
659577
609718
816820
421736
438865
851726
162988
131408
6923
625743
55007
93278
209719
723143
95866
562845
96343
319168
180823
59184
70345
72902
864280
172959
443074
747226
416955
419833
157830
602442
837576
983599
288786
451309
546401
610451
579910
25430
675172
161128
136542
192226
619929
237286
299629
674034
55975
207717
10014
258250
277014
80357
411557
375007
767518
93040
83522
131552
490677
712803
267272
393296
86731
293004
78325
908851
483327
361359
203604
944124
168756
715924
519836
392671
415276
73965
98575
993343
782591
622791
798316
282994
217351
289614
708859
984868
243749
344333
455807
622881
373066
176706
486456
892628
285933
640043
16306
657541
264292
836414
750404
757062
906910
688771
468380
206795
598703
264288
224437
582839
221983
897778
423185
106636
396049
718563
91503
6105
307878
7582
548919
286842
207418
150605
363970
112043
237510
686626
918321
4739
37244
182929
450952
227817
707667
31406
387271
195127
885369
21200
314
344387
583313
877458
718615
990715
35451
486995
27952
263809
878480
330957
213972
142342
611061
455666
712430
819161
236064
428300
964780
374853
898574
109403
577733
133961
728275
494072
426813
613644
14610
344427
484056
553506
194709
810044
128356
72872
299193
507762
263092
177672
643524
124734
553399
586558
868013
212439
641183
376385
367479
139072
101817
84016
279509
6458
937555
615740
238055
29537
573465
310226
222997
521299
71349
535570
333496
187148
471080
632687
25100
826353
53778
645674
490030
701720
680118
479192
876203
96182
571957
2218
749456
12421
710483
512132
573458
755233
213447
474085
942179
136084
751294
679380
370423
118058
662191
505080
135284
778210
592647
682499
118767
462327
395091
450589
164047
496447
754068
117347
106832
685846
849801
370491
431770
475248
844700
23424
53061
616325
449883
509444
471112
578387
310968
884852
760637
274056
432224
95237
423370
475911
135103
329153
115268
433825
779740
279661
444475
673969
250832
241703
359814
274502
921794
222349
440905
178786
109909
312123
232728
587161
320993
473728
781901
16738
434812
617865
624406
920781
747898
165640
624658
671113
763423
965729
283401
121551
234942
418307
131857
73186
184961
54930
680
680639
113278
151091
962830
688063
283986
330988
966904
117565
281620
245040
197753
265366
382745
822158
793757
757175
759255
159714
490728
568638
398268
225387
792985
397600
230850
236143
237763
102624
105368
769917
536674
23073
37048
871665
225339
991491
511956
343318
440617
161161
576373
4089
209164
445979
428412
517125
648259
673873
949663
138987
25044
819980
754774
40298
259733
286291
111809
569869
288449
265246
156993
860564
251601
460134
378406
682798
514985
664619
277319
274836
512155
381491
469602
124119
172328
571737
48808
756189
255715
702307
473775
9544
86916
658539
513932
165566
663853
297543
97301
652922
11867
760963
514401
777670
23125
247545
346980
15229
598538
719358
804267
205151
139263
371406
507636
28381
415114
98857
318103
677215
801163
240341
118562
879806
84621
110232
369138
255735
444238
343891
429803
970307
252354
944202
262181
961351
20646
545197
283515
304488
771883
780844
51790
873532
568916
718311
707282
843512
860245
903417
278504
832623
134838
911268
569621
219457
331197
302007
482133
16405
331231
506696
34642
620517
302419
416769
984767
692644
434681
138896
654963
969090
745239
257218
77856
940308
76780
312157
794903
381790
228928
534985
208664
242470
105533
147790
97424
848198
521638
18610
541450
167533
314774
879719
94189
103943
475737
528468
480729
465306
142423
937930
661254
258179
600622
110242
354762
322342
64366
601887
466531
314329
146411
339207
429142
490418
44635
47457
311899
400480
134528
351938
248008
269587
111342
342195
963818
643330
324389
449432
370006
438754
401093
83883
33018
86955
414323
455138
410225
936416
199616
47760
845825
519147
832036
445325
523768
278671
985908
376586
652793
120435
661589
715088
289062
657886
559670
347924
371899
173205
887513
943353
360682
83325
432593
318009
58006
107571
29960
498434
54600
416549
117367
449038
496099
168846
490347
161185
114648
103199
22148
626720
853321
134020
850317
303783
396180
494098
357712
412492
458343
84744
5998
570371
665601
737522
402583
194065
84158
175727
468472
360956
237675
290404
437917
364886
973452
345861
296110
95945
657612
135965
714818
840666
714455
547270
353927
802129
56857
781719
137085
91975
251535
786911
378965
725662
230046
89254
465770
707429
375694
974291
170230
22355
98732
857008
88180
238146
745824
222330
9775
14723
43052
393117
868539
544188
171083
942559
151428
268201
155484
68508
69945
73621
241989
540122
279193
503004
217557
744961
884054
153357
680599
74433
596186
498149
95958
170381
25362
15322
244891
194062
370706
890006
646208
204534
180592
817290
640012
217380
169341
878492
370546
411658
585790
171607
589912
193944
507089
908941
876109
65344
632270
723923
716864
588573
775340
812820
932114
131845
654599
601630
591921
25304
646206
215840
722756
879098
274921
776976
889120
205493
269668
737685
737379
221779
864422
616971
349281
267280
82802
971956
972075
979246
695879
688938
639734
869025
15962
235381
259649
441388
926588
39254
210066
668033
586978
324803
693153
271589
222940
381277
595105
429053
730077
80695
316497
324097
155432
341610
449120
339507
301440
279574
178524
507376
751339
480132
453733
523639
555386
320167
2335
16646
65331
918466
240285
760311
39034
278683
635719
97362
846570
19602
188317
327456
291547
800307
100897
401379
155280
567175
90833
806444
226823
33667
259189
693581
670858
767550
509082
291495
304807
963405
756233
370495
641948
213720
125870
224305
713063
372380
479459
908776
482972
895751
685575
429881
501814
235013
706820
960942
705622
243116
81744
132021
33822
632649
447328
481137
575798
458292
266390
97220
935900
194597
667140
262756
164605
674821
607743
110068
736597
601405
254418
38827
704231
110234
484530
457722
626745
151759
936453
223314
114273
305646
108870
184969
19229
28882
717225
103875
89973
540976
177403
409217
268197
111323
4112
754275
851542
692368
979241
945131
978744
502517
42869
408188
294749
78372
823636
204982
131944
728529
439082
913940
519659
188199
206455
417505
676250
880744
516035
176014
591065
147795
558782
405433
838719
546891
673911
974430
191515
653151
522284
376997
766132
21275
84034
54461
653839
421873
779123
579731
181961
21667
128908
334312
375061
708441
629286
70589
43925
113411
334459
199024
10766
934656
219625
363794
134183
123633
554295
793752
60889
389267
223881
695195
884426
562245
116799
475924
984117
768678
123242
680281
411249
901506
566022
702759
230340
628438
266512
948997
926541
481793
51302
451615
91119
822283
760600
381235
230022
792532
255808
30961
287134
73292
151205
171560
469587
728600
167408
453703
839830
944339
515968
136798
443689
582289
376996
440614
589259
88669
714875
515799
476624
803329
967413
45926
625612
297024
459653
347881
14836
940848
39164
996228
381709
473997
62086
178052
537532
710293
233618
168276
214786
83590
305072
425059
226898
892149
392932
124445
980816
580546
512654
800356
247332
994270
623522
696081
349301
626895
60245
386617
29882
591858
588032
340210
932368
95442
120124
640058
581473
731065
251715
370427
8363
998209
795485
342338
890357
344273
928420
273277
270109
124053
193576
62896
232491
847031
727939
458977
935071
128012
523823
137061
739096
179100
349956
201086
887515
470078
272669
439908
370848
219212
160160
573563
141796
120023
206549
778027
584662
370899
163403
48245
894425
570661
237424
120711
702105
460580
736509
681971
610375
260331
691717
91927
436744
808037
49342
403210
25954
245666
561756
580699
291000
47231
937535
527530
431248
21236
788825
172330
23244
210117
895590
105494
568651
66420
342214
571048
625832
83484
282665
540788
858017
960169
614084
181395
247990
663424
817447
900320
423293
893406
663852
230249
577482
144690
609625
171010
492250
616492
550925
608095
917284
525907
257148
382099
267753
664753
630534
138237
573698
599779
74023
733163
559947
202310
726067
373336
761793
543513
571926
317433
164060
339561
390056
492296
938478
999680
545238
621928
705961
689758
888016
870023
215664
828916
643276
943334
403682
27519
835872
61929
88584
825282
512927
220925
541795
986854
11889
435935
324457
370913
623768
827299
368713
279599
72322
535036
781272
131763
883192
610044
694385
711702
985583
551387
833639
64508
464831
608190
980046
31140
750644
729137
824227
396579
891869
97371
232310
594908
851160
622691
750149
685565
284146
967391
173901
204064
420472
868316
168275
46025
240052
989793
993182
222073
541179
80904
901036
197419
515745
998215
736302
360187
241556
291878
18912
133425
389248
29819
96200
797801
54459
308131
723425
667258
324836
181924
388820
408663
266945
308987
677530
22748
546886
121045
286303
170098
407997
672373
235973
341319
670587
577049
39080
915138
664862
401167
899475
416044
650862
126461
228734
868734
99741
627292
735792
611802
938822
996861
83117
750753
681157
499542
316939
742246
655230
117445
176535
826235
789816
981195
954633
974607
354179
569511
234274
427797
337706
960721
508676
30715
527466
228638
201263
372937
863520
936507
672621
802342
314724
6395
510562
439336
505936
384236
512380
675369
803065
856891
595597
253464
286564
751263
341491
706467
509166
667052
157803
550106
46524
341265
871379
440683
447886
72642
494862
461019
390164
668522
368628
858797
259616
132402
446997
849521
79482
300797
335613
581160
723323
634689
363990
75612
699122
515761
80741
900267
248064
137615
334855
976187
923168
310817
574554
839344
897340
910083
664952
420691
167976
52461
876976
505471
988147
501649
86529
581833
710891
386786
162992
266303
562572
64053
407508
548043
184718
23076
634250
960489
14459
348566
41610
733552
201004
972681
278326
708502
125980
752051
217469
67170
484529
249114
482999
323782
765020
79750
643338
318667
112827
320533
267083
307524
235109
574701
58322
615795
697506
872177
458729
458290
863605
751234
123448
218207
491318
5742
556224
364813
195917
74688
527224
142182
368707
524427
203688
447835
882710
67516
939347
641167
285456
785975
948689
580548
109047
504399
938524
716908
694357
905967
273907
480807
657201
823611
350065
200775
74292
274723
94554
332688
939225
191692
970477
667900
502753
654918
868127
273811
301908
167112
196853
679799
632614
3726
414183
278484
180230
50858
4802
553428
196836
694215
380994
493131
622712
696420
433265
30132
529776
988853
21351
314054
674237
666753
496158
469932
299970
185320
855393
342609
32284
58640
267691
299908
937067
21959
105294
980711
481517
769188
138958
110787
977606
870137
499030
185782
805612
39675
982502
872739
130256
785370
844065
733905
859734
670081
340857
214853
829230
636934
391105
153287
483860
125015
430665
912215
620426
724916
65831
167701
494103
501854
498981
471708
145804
27969
586229
633139
307011
568730
151854
255292
761711
537562
58791
118093
143662
135842
23252
653219
59770
998472
865890
396410
325127
150081
705148
40846
31981
553840
61215
850180
55694
277977
335195
393693
277635
422320
119488
673362
262738
350470
96612
266963
407184
600010
101671
869920
217572
753108
325039
904767
328162
146548
923454
590909
617260
160897
241084
170875
696645
862146
274538
929411
143081
820057
208428
401526
732492
183789
268628
60164
692452
666758
879356
155953
880693
931401
88862
702140
684508
927208
393141
202233
587959
20604
698435
365668
429751
317082
219207
595563
357151
28889
862103
683431
846089
108753
16104
602669
912646
206369
319231
461260
462531
393292
349652
857427
664997
132818
559567
54754
46171
392227
421352
634128
158360
264060
999795
544042
192881
527657
278200
28278
800755
533333
30654
885573
760875
277630
548736
30712
973681
185435
299288
436212
896714
813442
293638
584925
100357
353033
839811
978573
273839
66078
936801
177333
139524
618600
403415
285363
385782
253769
100320
218328
447708
103464
673845
371863
38170
415898
800631
570674
963001
520569
256354
709030
636520
151924
126920
159376
799930
916484
729756
905457
12708
62584
934425
918722
498588
579659
652133
163556
184626
120411
360985
598847
21813
540088
411791
697167
504086
683519
749692
27862
378047
592749
251095
944147
113914
971392
724764
324454
489939
265622
323036
502645
564566
257999
654874
589099
696003
170876
504512
455906
569669
925608
160851
176644
351361
697633
302305
44414
643939
285509
451918
162912
743180
723584
33326
950891
154663
344000
938602
786977
121554
112583
251150
15805
971642
261543
526043
603999
234914
736332
981912
187440
415970
324506
515473
504985
173097
817777
290564
708494
383977
643405
556298
647219
408030
348332
686050
921233
867099
132348
633144
940738
14440
838481
382894
885676
402564
422560
23933
119698
196980
508121
435263
613597
294004
616274
154054
520848
845132
366011
186627
434351
826053
572234
478470
972689
93308
534027
706164
77108
83014
226616
165542
308345
65096
841434
190507
91541
463513
377645
510377
673832
599132
22261
335602
247429
49616
81603
237059
408951
826850
937888
262959
391510
510122
509606
505060
579905
848473
70361
255608
6385
299035
642700
291494
23915
133381
697851
266954
753604
700994
96595
786892
741385
225852
980453
193671
2960
268168
48141
638669
782346
108246
438821
834298
907145
568050
538051
597452
921615
624682
435297
307715
211550
352533
247900
324271
156830
325872
105428
869186
180944
418961
968829
702027
989319
540071
150787
532532
34252
982351
814934
816597
365570
856355
990450
848848
954313
116451
981952
170528
679524
16373
346538
107642
139122
594436
5366
110185
68622
382692
292917
480912
629734
293353
449703
721744
305267
327923
18290
950095
168551
106786
776896
406202
484261
767346
550997
365297
324255
616089
79841
394720
507157
331792
131297
646277
926227
583086
746556
846532
654505
553419
266458
262758
41631
833769
497016
921949
687632
758911
882248
991226
967595
917361
421396
39546
849368
976831
891094
110120
211604
247040
320105
88341
694640
910815
308066
932595
212369
31641
113635
270696
193535
484247
817307
608186
709971
303251
458939
923536
416094
855390
178719
666958
514533
343168
81652
657341
400306
697898
234375
792986
953408
858605
468435
908706
67615
130739
780753
163481
132109
947957
221943
267743
944145
426354
399649
594929
880574
454632
868677
24054
633264
843627
232882
286240
179497
451179
326735
548954
646799
493549
196704
594539
546407
121891
850950
689218
412405
62127
9905
397104
734193
774270
472516
527013
565657
687694
723060
777325
761654
363803
928799
484216
93274
322279
43722
161096
268833
294129
384974
56412
366317
780997
209437
408837
600775
141614
709254
380329
269339
101996
357676
509010
441454
15740
325035
295303
316055
26905
445401
503379
554149
534970
236880
549701
332350
419590
250262
141946
176692
635235
917596
4419
976331
514956
757090
218624
249903
489208
48897
32576
552201
910504
333887
591473
124611
346539
811206
996139
271031
15524
595499
198981
537070
872228
755161
319378
222523
971727
422227
24097
121166
280606
687590
105713
193220
72901
588992
68785
195873
950471
744624
315346
260163
591512
984396
6778
248
659946
443464
210389
301154
1875
852303
726741
155915
470802
493357
416291
906524
244201
127406
274900
249427
814995
617365
69042
160185
317660
935279
480241
495010
679902
419283
108984
785617
536136
757968
929421
158220
30358
139369
312773
509386
114720
384084
112696
243894
856280
881947
182079
449895
321254
693682
353542
86949
54082
572429
483170
933540
492322
852820
442234
450753
105976
402823
836122
772673
572985
265255
854796
256726
504974
382912
221893
139593
449480
538596
739064
254600
692750
428033
829984
247942
483351
508048
343411
102867
435001
130477
117567
716302
610242
192712
479675
582392
184936
481307
552536
90813
147791
35493
308718
237862
932607
992053
336757
115192
403241
973678
144248
54939
450749
171825
212271
532274
364218
611266
583909
148579
130770
399698
926440
143442
400038
629302
698203
436758
401624
614722
895938
176593
164418
865574
414453
147656
694310
475336
111510
242989
272129
531976
332122
293732
969368
402886
610110
186427
653784
579887
597638
793207
160849
38282
73139
83442
472803
99067
190968
773985
785891
967884
455882
20166
354909
979674
81600
320765
853026
174613
469690
493936
631175
640340
745434
160786
449008
191864
609846
305268
531049
391550
899929
698509
284521
334924
127242
489737
561481
972916
649808
347371
572093
401223
326086
307340
655522
322850
290951
416307
743494
328799
694285
163763
197325
620797
370589
766687
213288
62482
390426
42672
684487
446856
876046
629626
168536
454334
1794
225660
507781
383848
2220
382844
125243
812829
259191
821986
30242
550140
752496
777601
824982
346903
28748
212525
311185
179356
868001
690623
20815
444792
203276
350775
916601
763827
604500
994563
50642
310662
894980
697496
686118
868607
136757
762333
609872
343559
135387
780135
224084
887882
652928
569477
982936
594355
24145
237816
851232
760852
998599
168606
403585
314729
69904
834389
243608
299038
531267
222580
601309
585948
615852
287426
200501
596466
100475
20909
995387
69996
87831
63918
786625
452993
467835
654037
229459
365807
932634
968214
235505
638858
751792
543317
544455
334455
376421
957233
532086
298279
206416
40643
600830
126489
552793
801329
607393
151459
879837
583214
872446
165698
691194
611282
618690
8246
204596
189285
304230
713036
738908
981416
291297
133306
987806
972136
231949
9533
41271
128295
255511
758900
900451
471584
730016
784088
976554
611317
902955
395996
456592
811938
738538
715985
274519
23194
512779
621707
712649
881742
644742
256650
612644
755902
491629
148309
44505
274499
850528
165446
78887
662578
539999
913039
962375
266986
779726
134247
229199
581711
185954
210932
994966
144829
688140
745755
753654
454249
174527
189617
810916
362857
778738
35045
895762
515346
164171
262784
694476
317201
312192
633161
368283
427661
294713
899816
694645
622203
103645
153135
203913
468480
298080
286192
651780
47040
371722
560738
166295
635379
296964
480663
576408
282778
515706
467947
953409
982378
112198
574336
299579
205519
373887
414624
878648
519719
768359
834852
68971
862243
203640
711533
419317
15924
902234
923526
282030
139944
67904
364145
48822
869986
262222
650655
843141
730654
554817
130287
562641
873896
54006
58520
715563
171203
915483
46874
580306
112205
282310
933834
872758
4466
854160
628679
16075
217293
256233
6558
890099
516944
479179
88567
84966
995702
626430
709879
149351
900474
293407
622984
832650
888347
299642
340816
223122
1572
834621
110547
858293
985606
345300
242476
983507
285350
301727
353349
194294
105160
592819
692142
981254
61468
22634
944652
795745
966902
445787
412575
260752
666964
245304
80419
190928
93261
615647
928252
352820
30687
245882
161042
785843
594176
681926
769349
310294
900322
140321
313742
374951
110198
24601
639154
976355
191969
583805
580647
153380
303109
116607
232797
725697
434859
986659
684061
205308
507312
16415
35515
333227
95179
88243
219045
933591
917566
65649
203114
487470
785729
845284
48861
280157
72712
135427
666442
555743
784118
588979
558090
377255
110179
13821
424998
649048
122541
334245
224349
104230
570604
175383
639020
641362
263625
891293
361576
819634
61060
56966
748817
99255
916907
834942
653067
70974
690045
190053
626715
387357
760365
646351
764611
329080
963828
923277
298330
761001
839507
317426
649815
106
442160
511868
393772
215532
93670
176227
767982
311253
415476
529077
330158
58731
878223
388981
206344
454572
351980
312062
342750
592861
460855
616658
664919
938886
208431
413715
315995
533186
187060
309924
882531
869658
405147
729150
934681
309989
341564
702662
855582
686878
745942
153039
562104
624164
257481
508547
584049
495552
223849
723103
602616
932070
730333
77402
793894
201245
597363
778256
734429
799806
332100
20025
86175
546311
414545
372154
573960
834451
601127
721925
799790
996281
874962
402787
134649
494475
12985
15246
940938
811485
676657
83938
257760
413452
526243
642919
973133
471566
934788
900485
25071
660697
18914
421935
162855
429962
887229
181060
552652
499226
506335
504939
9711
864539
274498
144359
549235
229202
217116
250864
842630
112997
199780
812649
185746
957982
856801
756983
204706
33901
937738
370116
49237
330056
149413
239512
1354
486646
113297
316776
827462
249237
991445
659320
170260
109171
495733
76529
204773
398787
14367
316700
987007
404624
716089
826105
622400
102369
149433
645924
153876
521081
662632
4636
37506
27920
264054
259600
458328
176542
918780
869269
793438
339355
531061
281058
516281
115668
921735
879496
112461
763329
362787
85554
434862
124215
867917
608077
100976
921468
905657
430538
145614
568288
510894
161729
796063
289151
537380
218132
900138
715602
221343
17107
576129
362585
141714
513350
158361
270578
476763
270820
435732
743832
870576
82490
658819
803167
66659
960710
499014
65052
863377
130916
545612
76968
265001
849704
652427
85497
118629
974483
59828
386139
560846
61379
894676
537708
999635
53036
138692
160337
838058
859355
70892
764745
563970
911996
25770
492472
500120
649696
246163
352504
700730
526537
715779
48154
78961
882409
931682
301636
474567
991508
575776
745499
30114
600716
136041
461083
103817
107754
422870
471483
973090
739369
96251
398904
161459
51329
18115
807306
107631
305121
499844
361385
446770
876159
155824
893656
786404
851883
532664
747495
593216
286905
837822
897443
66356
958355
466698
547138
818979
308245
559335
244199
429129
708603
584593
783890
701130
489143
127793
444351
638854
170570
368948
518758
944600
918607
431802
42462
422736
857741
420848
627735
501717
759189
477241
478371
987776
657705
179376
877547
221463
214990
171020
376480
334759
896186
102237
276749
870343
593988
450038
846202
537509
212821
719557
385025
647239
296592
41046
206374
806352
207364
993988
467569
547389
188452
225073
973753
60220
344498
435865
241795
467902
210158
638304
909239
794707
476986
164860
269172
264922
287263
648954
103839
827716
294284
507708
473346
888191
32046
153495
404633
232102
32258
807406
526551
822582
230225
821711
357249
208363
187215
868372
32913
286617
551188
677467
983372
835671
640368
162625
465575
769467
333306
521948
550469
482361
140306
584732
166614
284594
925952
950414
627667
991225
845277
127400
867118
568393
949109
654482
993050
510881
38853
223191
324989
792695
34829
193903
67241
168556
551906
680588
269840
343642
207573
193553
491619
202973
727609
812035
255395
441817
320445
281210
204491
825377
408608
488332
656752
108317
112330
3928
256373
140311
457876
847435
368300
217722
230761
520380
602338
587315
281283
757015
815534
260488
660756
512485
929282
287322
52865
80466
223146
686001
726464
844360
157416
649275
332691
498258
113159
367609
493855
850833
434043
526783
405281
881248
713007
371047
481943
30467
273078
763224
80193
129938
98795
311500
712151
933019
318595
28096
378274
876309
63227
618941
97683
595013
268215
794838
74840
303614
7668
29347
228519
493152
268909
387326
893123
655189
342026
217949
843900
342219
328754
168108
730304
109094
73720
493219
144428
405289
682163
522700
18822
223690
318704
199914
922630
438262
352290
15254
235433
164674
663377
235552
703319
629071
412682
718561
882997
67258
584503
868135
521329
347753
383383
227503
659177
48072
786352
131162
905070
313797
168065
920769
692203
823907
350545
663037
262169
384692
967647
518246
955575
398034
173686
245107
235261
29567
90522
727517
200263
260268
568448
867557
392897
300322
294590
54899
26952
471835
527298
956139
104171
477347
772238
260667
39095
684706
116638
784983
163864
141319
138283
973127
62514
104266
623447
253000
569668
147119
841378
41110
952790
299538
412916
72814
315883
162633
524915
362911
263435
192608
914212
24785
225226
271360
65502
163553
534921
821091
124062
912928
512487
541852
995335
409419
696809
392660
476413
76329
92695
613967
374827
559688
11765
846171
214122
983652
458773
724560
996240
543208
294000
235797
427751
330079
322946
739528
717138
418456
690337
648653
240914
102011
290796
641171
103743
81389
707385
573302
339444
286801
426768
96544
135176
140429
581169
270201
341136
230619
199337
457040
583147
251479
301820
665342
987953
51843
332509
387195
270723
611083
109379
348524
693730
400326
292338
547456
897013
107280
656221
937089
866789
547590
405548
933832
247364
900864
900094
957024
494568
69324
206135
553542
969286
954208
515001
392574
337243
222622
751897
444853
610491
895378
307580
22276
806086
64003
198468
6479
356715
768585
389282
64397
419966
598879
980004
583860
775511
680016
618524
316369
265825
939577
466325
976475
11399
469191
242372
862844
549718
508472
419535
68104
935769
213209
859974
289036
71700
58441
762016
297667
713140
861411
883077
891120
319400
131789
20489
16758
50490
752800
866140
783578
490689
696661
562834
275996
811117
14886
170319
8404
552440
215237
787435
780597
932418
647409
342423
613222
220053
478236
97537
226452
811574
712455
206778
846403
344275
86019
959140
908967
331308
49120
16324
127818
728418
35860
102418
108213
266739
51648
534160
290118
227180
945431
187909
721485
151488
97995
824870
327096
842057
509000
316015
31196
482800
699525
494947
438853
91270
308546
736039
936876
145637
475522
596735
305558
916112
990297
249716
240075
228781
156813
44079
69941
867347
275836
195739
488594
999378
754838
432074
599925
458429
978745
570915
919169
15459
582037
940276
196780
280605
352338
100967
153810
315134
408387
223672
921215
426564
987591
203173
144909
432500
541658
565499
776852
927393
21046
265446
451392
280172
352106
154137
139953
50995
17264
626250
164757
151826
147275
127040
566821
114363
931047
980771
423082
325117
639562
473721
925472
166262
663330
195049
464572
719192
683946
920567
658117
876157
578953
416761
249638
896647
525458
118375
195676
889413
664699
516173
870891
493026
57077
132974
250069
7325
548863
665775
554504
252320
867624
802412
329779
626309
475662
858096
747715
215893
26779
359663
528602
602313
592712
935053
206857
187362
656834
541719
416247
236033
234289
741396
590970
907679
420109
334897
579547
720448
522250
648255
126885
205061
888839
475455
340517
670547
382015
537654
770320
985614
164456
665532
216179
819138
30583
339256
144584
156147
248005
762217
293307
303803
271001
785167
382823
132032
455968
622768
13342
554552
124828
874723
611411
144391
726579
888644
224835
207097
244445
158153
430531
725079
463849
108136
836962
8635
910062
568332
704519
410855
459353
387275
435681
351459
878927
140637
27371
25675
618554
44435
637002
448310
725483
430301
829756
561751
89527
54590
359904
26488
809377
295439
446516
399526
138167
797681
692666
104090
643286
58314
978914
171046
41400
271718
5487
174965
338414
68877
29989
73029
179063
360193
589033
838792
852542
939960
317277
604104
745791
485155
747610
990795
535002
86863
148313
256882
243493
6814
221650
733408
604723
962272
118259
149732
967978
924020
613094
264067
842906
157287
968286
177620
31683
739689
815488
640967
532654
322457
717751
279942
769204
174308
234062
785845
71137
624087
981123
515856
338163
579820
881083
775218
480126
160964
14997
345014
670691
583187
247229
894216
743449
729718
231050
775130
726525
920878
799656
193178
809176
999846
958208
874560
136152
246076
440860
131373
373442
417153
319493
786391
46415
902374
774683
117810
464873
412849
464255
381781
971178
631290
29778
745949
717360
648294
489756
115644
695907
40317
402497
21675
918708
491769
405651
599239
89324
677593
759816
126893
194185
267718
979487
42673
306983
596973
286061
150443
319059
298422
930823
949582
335977
675205
519066
40731
663527
523025
209104
359434
169131
504692
941151
334258
566624
112735
571833
577275
369682
825728
502304
16400
974038
550161
172381
100187
415835
907201
47016
949934
427440
100869
539332
805620
989365
200732
566519
147046
391858
429495
840234
349053
170210
467679
405490
44424
645563
954620
805348
15244
67530
558748
846963
46673
130335
350130
26135
366143
10518
480776
482779
198974
960257
22110
277557
563020
594709
497279
898097
176128
276279
108972
71847
204334
449069
301773
335933
292529
86766
141280
426501
20190
624159
763863
872262
295188
539158
470399
424328
491977
854834
274147
509664
596470
75802
344420
130545
142670
54221
966512
833000
768470
398901
217138
487007
784077
32106
337143
551257
538402
478421
718687
127363
955759
907715
258798
39467
446873
83741
778635
757563
614233
118634
781430
457758
106837
125849
566581
962931
967545
306352
680975
250219
984949
177196
882891
555849
110838
588570
693021
552099
830556
925911
297694
608060
741008
405283
648133
594211
21
624529
552263
188252
699520
333692
121712
938733
973744
50626
865340
941288
390794
237247
794573
699086
414441
892127
229779
820604
21769
48313
724709
502260
974222
683014
627482
322052
837020
536976
116752
753361
408993
183219
599289
809179
31114
722638
44106
339836
506385
194620
913508
359825
236657
166059
83072
506178
137199
933002
75862
211516
756086
788361
881029
565801
920199
220717
787460
671870
750339
908541
573023
939795
7261
219451
962333
322860
499836
466253
86935
383018
320744
260741
389844
159010
782540
603931
46400
689788
368297
10718
145659
429452
683341
432236
390093
173700
142590
293979
889730
506006
497521
887457
107556
527696
175110
98981
48786
249120
95813
348821
938610
458666
816800
532899
214398
486504
558969
598304
420647
702169
62108
102371
734618
642709
878605
19700
280955
278191
447724
926642
802316
844640
303804
562890
844021
422414
940524
397444
950249
95027
374871
364828
79855
759611
287342
578017
317601
721211
437517
742746
765130
444645
337458
958024
87354
56025
250757
882511
159143
909462
999956
440329
473639
960743
753681
141845
93981
358033
185995
130342
749446
366436
475371
173538
703283
652461
715916
961117
715422
662035
1333
994755
285938
555523
575512
349770
309732
833321
813961
483250
284427
165376
961105
321028
789389
797796
562832
321150
145764
997310
233771
408625
657299
832457
174263
449545
991801
663898
81484
192770
874090
857509
158065
80614
498321
149736
424320
774055
639209
661557
582292
737026
281442
758046
425902
446451
555841
703610
767600
402377
780581
478659
163277
966091
912349
148830
2139
548504
685556
526707
445339
412864
23936
991588
361261
162101
618767
704184
136970
358275
514820
719260
564136
246466
559536
401497
146932
547350
532562
262838
335243
501998
23328
65080
364492
423169
404510
90629
822911
57017
259870
423068
947071
516505
900979
111364
284752
782656
867128
421720
690757
221977
499593
32598
138845
264184
493943
683688
463637
583587
528805
333324
947685
708660
948579
312176
256430
318159
671267
325606
49598
493483
327230
128739
828094
86543
262740
214276
388884
569664
459626
828608
652106
362060
156355
948393
937868
806822
430545
617703
866677
158329
112832
504340
223973
675115
816514
986763
778177
519804
263645
873899
32744
299520
779380
457014
84410
893205
627380
343189
195904
849894
852462
362213
655275
500340
39055
286422
702714
816153
174877
985217
489884
124468
334761
64838
132807
251106
907547
669104
491887
839280
137117
710465
98242
519760
112934
264517
145977
762417
224072
288544
134049
886520
160361
317796
404512
985169
910936
743475
81471
635984
338003
235928
636701
305012
572610
116994
346768
138137
981636
960993
833640
687036
114550
931880
63543
729845
294405
35113
780714
762615
240124
204995
498138
802525
36511
960382
162841
433725
218062
617423
69708
141470
783452
706407
473246
870265
533144
762309
278435
412007
809413
39653
750998
948432
144348
30667
156170
438751
61110
698642
633737
507363
903635
177709
161047
281040
542147
97580
358085
325650
795654
7084
981109
441391
196228
121376
356424
36035
302774
261750
106876
112186
770143
802765
52715
392226
27378
208884
796561
305666
592259
205255
839471
587177
273039
744303
736446
329165
321606
211718
583036
33624
452214
54803
345268
94637
304888
782389
546302
750059
882005
801502
996606
239169
251302
973740
881738
114995
671367
957343
410995
548360
43808
670197
519496
449930
380018
299688
112514
403540
166883
492591
184466
595442
869295
358510
429729
34795
347508
728957
405011
84589
291736
985196
894405
321588
965140
723562
939525
42824
790845
718974
72733
520017
389170
170378
808263
698023
983199
375568
13422
207606
998431
294261
237020
40794
166974
256286
426385
52591
234696
433993
655346
526431
370541
240643
140069
77166
515442
646338
566701
425955
482686
846426
389887
378954
949551
592550
10130
214616
666629
318774
933908
102857
859013
85116
601783
966864
550320
35693
568873
54890
751979
224218
296841
356002
585251
108859
349647
15374
27303
248851
208109
401618
453875
287857
679981
914319
821328
271804
656795
29641
470367
577045
799064
889738
265146
923108
134691
207882
683121
266941
131811
816926
368608
85749
344847
683556
893965
455360
431798
462264
368167
632378
880928
877509
861156
539127
18991
684472
234453
662128
815356
980327
716226
976912
447088
103209
201150
371058
333630
87155
116479
453120
6365
410806
69919
281598
608565
965904
945141
463274
942371
713895
943033
823299
218125
804188
362425
751319
325728
67851
413446
914320
341873
166821
822426
74739
839059
132539
692184
228953
938889
450570
619390
168399
721786
669892
812963
508939
989424
548769
615017
338252
385761
853144
543828
298107
556223
38178
17999
33751
663461
28803
955633
269072
963875
611264
882901
70316
663556
4726
577650
545477
348633
519848
503209
192183
446907
493913
790724
29846
560962
53714
517669
105309
865965
193422
64809
784324
745802
997726
7693
194721
825899
820395
3196
519311
980079
289769
768116
43377
661272
457781
193173
967801
268184
882403
564300
106051
685262
689577
370117
482759
803506
682399
958934
5867
457163
16953
819081
685134
220372
613553
16954
771878
734908
942450
160985
813768
484869
661570
408567
370246
35628
27901
176439
854740
48405
543135
12356
39545
341046
88361
3228
233533
777663
791320
842429
779394
811710
644049
166732
862435
188960
558937
328278
524197
589756
571572
852168
514562
906952
818276
857715
414029
515777
599705
997389
478034
599949
859446
939287
585311
255289
136266
642486
64591
672954
893570
200663
711298
430363
497005
808094
813007
347397
218560
337203
637794
46511
39464
842419
233752
927088
60059
209317
622640
622939
258106
569982
1765
400411
679301
944468
546898
255537
645237
355443
596067
20769
90284
975713
451728
484533
65288
458568
104602
19548
205472
93412
757601
248424
153407
289234
860850
806404
12755
645021
429343
733663
41953
970317
858273
521102
395918
181411
7924
223987
714907
487356
314642
555429
23596
876428
667839
688971
408515
12775
195406
442307
894259
953006
984779
344292
443600
300724
594172
290915
618471
662714
502858
176413
64558
462540
358364
486597
863010
880490
894212
120304
147175
151061
797879
11172
312043
301802
373212
787397
588445
513751
430142
895435
466756
578603
341198
260129
834297
6097
811394
277266
242199
246367
798540
35939
168613
376955
56639
602209
377189
465054
25491
10025
439317
921117
147907
751358
475457
182653
434299
578105
353679
65739
939377
54158
644340
187013
728598
785287
93143
877588
119337
126609
310149
508455
244349
429367
687903
913391
274287
32376
546141
394083
146978
53708
853765
858050
43706
215607
511134
880662
93422
93135
36976
900653
482031
195519
1493
321407
569955
229355
963894
574542
57069
63726
391205
194251
384682
83358
202221
609528
222714
482463
288950
14217
907462
571348
643445
609156
141100
137819
52612
879859
51770
223760
432147
91923
926562
33582
397669
820707
166298
313336
679426
5439
217760
120551
366742
731137
18323
368228
854869
58118
910501
73615
47484
30593
57862
31811
179737
72774
297353
987209
90670
826929
43979
858807
593665
987371
814980
183394
72822
464326
897518
110646
336670
534613
344704
348577
118857
602480
623866
212043
307852
881469
875458
639162
251954
17928
350652
52146
877411
997579
354384
956181
824507
41791
268699
415693
532941
742922
277865
305138
454711
689586
463815
490842
74738
242252
414355
196162
482967
377003
169885
77319
391136
30495
177827
487856
119874
872254
714812
740950
869832
707975
12161
371587
242724
54144
716998
391623
179575
852961
723579
912908
405182
83652
367952
442328
405505
277283
106783
358493
392749
500099
995777
219707
270757
990469
101033
394132
251061
321146
649285
640115
262971
220172
283712
536366
376583
158294
336754
180596
397560
561514
633516
178575
143812
271940
472207
2905
863376
404374
602590
531389
418676
416251
925131
944317
705037
98545
971717
86508
804896
264090
53428
247403
324758
281748
914583
626775
252366
902857
807369
759129
192976
115729
699233
7625
803723
238060
204321
794322
238247
487673
209271
676754
710142
563580
602522
273242
533125
796704
873952
338020
749721
721420
230443
163783
538390
659229
714380
283732
556079
117137
474608
751822
562590
33651
256850
665815
27125
994659
780842
880492
78555
603644
19544
612760
765210
38061
141148
844689
139005
130205
200628
635251
388112
197888
840815
452560
222120
90007
461806
281884
257704
231459
547909
75489
522331
563475
850504
10054
825888
421983
94527
418646
403981
168768
580700
662710
790110
490519
777931
147025
343545
253823
635276
400747
429058
259617
25290
550956
191467
295969
82260
78886
813667
378625
206886
708806
193641
468344
973602
78206
818137
47617
466582
687658
777389
41646
101808
52185
105960
128297
262694
78536
819260
704349
560534
199424
619292
698476
236962
751761
262910
920999
391662
339539
843937
341215
82411
288890
241132
532212
599718
118517
248398
385667
69265
137737
622147
290340
543256
912767
204096
313440
782599
174753
316677
676565
982497
29088
112968
242079
68491
667238
327781
178017
520980
437524
553687
79590
380925
911326
68327
188020
112566
65076
932125
22217
597214
68477
152591
321907
918477
557670
994137
741712
490035
571397
843357
665634
59454
7042
397698
149147
12474
910122
382296
810906
455987
472617
60964
352147
801694
44907
892934
428463
340150
85583
137953
476474
13353
175877
794013
883273
484296
793014
800985
201339
463468
414498
44387
775207
920079
34098
370890
841318
289215
575091
166428
272534
475346
941703
609968
274224
539367
198512
591542
470384
42107
958158
532214
798979
315464
702102
782947
529734
618710
583931
756480
143398
512632
594971
373171
25835
652525
838188
492
357271
11918
152238
757080
740441
198026
452789
22178
32393
857113
979415
757712
437519
241813
855899
236497
51904
308348
386595
421885
414707
117577
56486
342266
144413
583637
855718
208435
308464
292545
873965
233760
818665
364354
88116
183471
6586
494991
728348
68889
375914
150272
598224
469689
323753
47082
912600
388940
480462
510821
889522
329889
472871
911185
403932
287013
805550
865791
854655
28845
476621
528233
373014
853662
48377
58953
375288
251027
48359
288179
15824
29930
557681
896501
549917
21173
179515
293715
49875
234809
122061
492972
817560
264661
524092
65563
418680
606091
39547
985475
771496
148787
713151
508561
348125
338967
614276
409444
844159
343673
757321
285125
283894
221707
464909
543146
987543
857978
154385
869901
264534
605502
38915
342023
152216
479402
128844
962231
982610
89798
52188
194056
574826
909857
216821
935359
158086
298536
490632
347149
40553
250133
819341
643388
300551
321780
518716
284495
693961
577086
73419
300950
159912
76795
268612
849643
485165
21397
30017
238774
972544
555938
432829
58292
650783
231495
316578
795070
115435
94126
874054
890250
690147
658439
255603
753777
980217
625593
314787
188382
731950
281670
68685
515096
57282
430311
560363
443572
832972
462522
90118
86101
743533
629376
517253
982085
793227
269833
650061
231497
194647
84174
683177
39430
101198
339053
419227
89484
382568
732701
368559
581863
238752
9955
43499
49858
437357
879561
671943
52584
649651
960541
470422
375545
787791
233939
211903
69481
441219
586810
654030
284038
879684
58026
541385
374484
757102
474816
535549
900612
686571
344854
156539
578086
228623
1179
468281
26738
447217
403349
704288
133710
231984
318219
709605
872833
66361
759842
581472
507578
17329
320081
522933
357037
161515
388461
364102
432820
471816
453480
326505
783609
163256
964790
344665
743587
816495
23045
110155
902730
104239
64181
661243
174681
613626
7079
336070
629839
125593
468433
281375
530584
959142
614773
384610
459168
25012
73684
367368
691903
63225
737757
248178
466586
753433
609871
970065
597964
384277
537610
366319
335387
964798
309157
934949
767955
105556
41394
446033
176001
621907
410353
336192
38815
45916
119601
389784
195343
75743
914295
91234
653170
652051
684099
590003
203263
808173
878121
797419
884260
438893
84227
42039
440767
642674
729525
90730
529691
219240
500390
32556
226021
803572
440681
994150
338489
560280
497192
366994
636021
258799
258164
803394
278148
809305
194519
180016
238033
75367
958118
77158
757815
404244
986722
333989
468823
452500
272301
529757
445415
117660
218406
4922
133142
551369
649633
243262
56145
406201
421781
684837
586718
243418
172982
164459
719977
459932
631656
198208
959796
178041
364803
195661
800893
4592
212469
758401
287526
559928
704071
42059
191791
127730
686165
786624
689769
832968
350744
367969
493996
338206
517217
594917
699421
835240
177566
526775
59159
336908
891609
755428
232567
313428
28108
776703
132373
251057
853223
568237
268700
500725
610294
614203
349814
693277
28341
239581
655006
469742
688939
663205
340029
548468
162909
582411
292728
274671
50207
815562
92052
439985
412171
896415
31314
442396
159671
452707
163221
331134
380498
877003
926775
145441
158367
226222
154652
437320
81678
136688
824845
10838
314097
218093
696338
950040
824965
637145
618119
245338
48769
718246
275306
49317
448492
143193
738584
599578
730268
571770
138486
525959
337452
414590
185603
573557
155012
254530
928660
829917
162020
348995
544900
275
849962
23417
855
542755
204835
39981
692087
583813
561181
502131
408097
682847
248173
20405
268471
846991
822688
241542
683557
902224
422644
295283
313805
654253
924094
234716
359473
460338
700555
349606
846128
121576
983893
50613
666745
241406
84649
477482
883975
983583
270475
355959
294416
800911
372260
942278
103098
546252
183819
931576
448475
289804
450611
952663
629190
775368
160753
520981
3809
571860
339905
715078
503100
838002
279894
180577
816772
566330
86743
536390
438845
246369
136673
804956
658475
69409
928615
992051
987381
421597
952628
604436
784421
655218
557098
759605
797169
942606
472975
397242
301707
682117
806097
226651
520118
345973
122197
968400
120037
754946
931786
514270
391823
337154
701436
937232
432660
64895
50354
74416
172919
56630
193055
542354
904301
426461
842216
399173
151338
393561
575955
50591
153552
169892
565124
673668
180941
293270
687461
265679
170917
89609
232646
279187
174533
608278
894446
867544
43975
190903
825681
254602
13174
649217
18938
415391
381560
148161
83643
120532
619595
605716
870365
40629
669947
949692
961016
769835
699068
729911
211480
235783
133396
71641
336635
743240
806056
893854
749986
977580
328651
720353
492947
79281
29984
358463
263070
797343
947556
821965
168526
587471
209491
346361
806823
444675
766338
814846
779924
559793
193667
54649
750483
30953
337500
641895
524533
446219
781768
161357
400788
938160
217431
378613
353788
845456
409949
70688
113321
824033
712605
545398
951734
753340
438406
466745
424317
999913
946574
498664
791444
64238
126458
776781
517055
119053
296411
641835
15931
561324
788975
486283
762422
221180
404734
882304
814697
661926
3127
779916
890397
498578
224282
470848
682602
586324
488979
416740
195057
176570
418110
822690
423448
347659
571903
567109
106970
410085
644230
564028
513544
56737
417286
91560
789012
73703
582576
157211
140067
66223
413035
649377
437308
830139
438934
577688
449920
705410
817532
219064
64621
235641
591999
416869
806100
640476
95824
529078
245195
727813
333249
489821
675220
842883
859470
395311
49037
891942
92161
636043
115376
505194
246241
175519
656713
959276
341099
394554
53186
770477
875506
818422
481110
613581
483610
783899
624871
329363
100738
58184
585610
666094
279484
732393
167039
840525
577042
578153
560311
32981
734591
675685
918781
491899
523139
152577
617826
666578
279817
53463
437054
232737
499003
471579
110621
888083
530911
812334
418618
110813
68538
471898
301960
248798
718495
202463
590246
545808
985116
751425
691383
366513
340444
984177
281811
362733
80493
21312
749061
847919
238253
700319
788777
766579
171897
947521
134789
554386
359308
35308
347260
315343
583641
513626
65064
176813
321926
169514
110402
511121
416231
568661
559639
117719
365143
355653
104349
423852
323743
365579
790931
20850
760555
864131
828120
170767
13934
262863
651613
475956
120599
882135
635814
42791
478355
319672
322187
339443
49720
365137
724198
205314
485722
35062
294698
113615
659279
578118
306835
124489
903196
120641
172290
123977
226064
384416
610795
302231
615428
268822
326251
127846
889415
129001
8985
785680
233954
992213
154123
643970
357349
502511
18918
33463
794086
374934
43831
313752
891225
695899
673972
555060
513534
655419
671016
669744
572748
646879
577627
771101
695705
777278
152031
220653
54797
212912
516142
80311
205125
229093
74894
373866
397938
355487
43704
373553
910724
991379
104183
130638
236893
750603
57698
231222
659598
67270
992413
294508
259454
570040
899711
502266
261676
842777
214064
139256
101476
90407
682920
596757
217067
966408
120483
145497
149052
16699
610122
939142
272635
910853
261781
285274
778228
653994
595183
663955
661692
19156
538256
735218
89270
277087
687729
424562
944819
100946
7286
816089
543991
4145
388111
456635
99624
802009
301034
143132
843687
179660
490138
202227
571704
515102
47872
708693
720460
240893
792794
492219
607973
273979
861044
711370
437511
995086
802886
175293
202749
937802
123696
746739
552855
380261
476435
794715
242734
442700
341479
353304
533290
136709
263195
654618
404196
875261
316468
53163
476753
964676
619733
307082
795659
801394
18451
336885
317893
253965
258082
520640
787546
919833
699461
57386
11825
612447
372753
24985
471036
365497
333822
898532
901393
428361
697920
34247
506534
751756
413652
754031
84555
235188
401
319459
378323
531173
303419
758567
38555
431140
279207
839264
788763
237631
225846
558078
704880
841118
355073
533722
61127
62400
681453
908749
358583
494053
127395
520009
79635
739606
890383
932976
83095
976947
205291
402412
972903
334404
435484
640069
489896
850126
222339
388013
510213
223702
126342
195217
664018
632908
94629
834840
205525
647893
553860
897937
899176
12691
21042
498519
39345
473060
425784
968358
525954
282499
197346
810440
117263
521435
305075
404947
575908
123488
661684
877281
347189
567023
230738
450813
89142
508376
799857
120255
84635
87244
511509
462040
512488
705126
551612
430332
746700
588474
526603
568553
351900
842305
378992
213431
82293
533032
523250
172404
480610
556590
173427
383496
827433
918367
538802
637426
852302
116187
359922
807145
153220
762934
164443
364160
158852
349955
270780
638803
94817
219609
131038
644022
198588
64773
399813
281139
557263
166687
624369
477075
74615
330688
760098
371878
421492
258407
36157
362437
228881
616420
920020
268524
295596
341775
609174
488074
266368
611819
447803
903786
609263
144332
90168
173645
911853
8620
129497
447443
875431
973556
711304
439046
802163
697763
733686
638365
228629
788411
315357
782841
570695
256250
326768
43015
452393
800861
546431
588835
926884
803858
492620
193054
690203
96991
605698
736839
370594
577509
111515
32564
614560
688755
384137
55883
130810
960749
245131
359437
869942
710874
644637
153989
261559
712684
368617
860171
649029
7904
649921
90117
64499
320572
110878
452979
900743
953010
100195
115565
92913
337462
445955
424304
482665
232951
71218
93692
645026
942242
963483
220227
142751
806002
388382
2632
514744
252831
828115
640788
995172
816187
730903
636787
377762
141757
130175
164939
545429
993324
326226
617906
283915
334401
41414
760893
896608
559738
941125
639729
27737
718412
427137
646156
152517
362538
76807
642825
821937
941316
204376
544475
757502
449483
82137
907690
753829
271025
618000
4067
778552
652794
158356
109336
547757
446518
951192
108608
21283
892316
801501
56476
834756
724978
69253
229538
96180
525554
39726
643244
637545
500010
841336
151495
450558
316246
72372
665928
934617
208297
253256
109868
102479
690942
990005
263922
736429
542581
683621
316114
951541
31336
628162
43379
253486
764435
83437
855204
614451
93931
278858
268748
516235
177
4528
732910
144253
280469
497733
287725
859847
249597
315958
183075
674610
359097
863045
599064
314873
730909
92643
424619
523423
87607
977579
737755
852041
111185
55188
23788
876080
171967
414886
984962
609438
817665
376676
805042
583568
630911
879413
218012
116728
82893
658648
46358
956310
487150
555690
385784
713553
499017
77426
58451
100088
55431
503407
583731
997173
261712
78631
387458
846873
66478
26836
107106
60412
604493
323883
503397
235403
341548
471906
546813
984688
625125
503439
136809
121015
948829
534433
26154
314616
612284
906200
609413
181918
986229
532837
947303
507869
511756
93154
292566
647593
453168
349781
215639
57660
381744
585022
24611
180947
13289
354078
407087
537983
801781
794384
866990
459255
328817
341271
130801
999414
740841
267677
637220
747903
211619
556828
461692
312692
925467
516868
900744
492858
808899
260609
697216
172821
678784
399520
137534
474165
885414
74664
844222
181127
43314
210594
514457
96717
617667
74159
437979
583219
67776
703442
952323
974890
482624
723600
74603
98997
354904
762067
880666
775960
42146
255246
767072
459312
370030
484906
160684
306301
944218
618481
763371
197915
190996
830834
294630
959447
488081
360853
106965
438700
19617
311364
493494
31800
21880
81032
114484
285085
157283
215056
492072
161276
368924
805728
620587
974455
466263
717672
286446
53377
540020
98602
666371
377239
349810
468719
82540
134001
908353
886292
982905
17947
55049
62298
144872
827428
91507
163410
626716
975027
186967
201964
186980
248046
720608
744872
561797
724157
40345
856997
371714
383478
228763
737715
581375
894389
587841
617797
321261
239273
357388
133393
66572
404198
548761
41431
745829
640267
730175
372545
190106
980075
60696
393179
625660
971783
472435
620719
533474
26983
991919
233807
447365
791387
735576
542943
870312
186285
961676
191572
567258
740915
244061
453988
436527
792821
263529
18126
947291
56638
69103
16316
109039
157813
97245
601083
57598
940497
425763
14808
587509
213719
789329
164512
189642
736002
796259
21892
86425
654103
566364
488232
45704
200956
980879
940055
376088
10830
90775
778306
507068
618383
62040
985050
463306
121206
320922
344860
385973
703249
873870
191926
431171
636686
959446
233213
381679
526812
194967
259115
54431
474897
538959
730434
625858
850330
184693
315698
831450
307101
608207
954558
12816
454195
498656
791517
824217
372104
922608
799895
683352
601264
178793
114522
35622
652442
272975
104354
85052
200335
12800
663458
413619
567979
908095
953682
94815
846927
527028
37457
231240
870595
684153
913195
321877
697012
419140
90898
498911
289702
44042
360466
259237
71820
119600
315158
44447
238725
718586
317777
683224
208210
947884
631029
168051
180180
494322
8587
308721
371499
108015
247988
710701
792166
218411
546782
497202
28612
976468
680496
584620
362909
555166
692869
108834
544355
39242
637469
508062
611568
297832
68597
261971
627363
611534
622439
259029
610546
692997
623047
29360
7679
973945
576952
172793
678408
833435
895903
666378
756392
778091
823589
107174
451810
138198
32180
433388
417707
915404
731445
300116
484538
595037
447780
754852
836913
1900
122371
170636
224552
214533
153243
274846
471554
823990
218068
879584
785571
375278
639099
429079
384750
445298
356652
36085
285138
265521
198844
752313
247240
535863
374928
245981
663218
410382
114043
14336
957832
729659
315223
233344
142524
468747
3446
317942
81718
959160
964202
116066
813310
155762
525898
834334
778736
376489
426777
37489
933271
389089
68
603258
356202
500919
816384
2248
998952
381496
294399
463776
604667
635125
94659
203455
283319
768656
358540
136707
174266
21615
131931
344393
400226
649137
720844
902171
382709
42700
290527
50580
647730
983278
208674
105342
146678
542653
147026
829518
364998
955627
814710
79052
318932
442171
166107
835074
819428
585104
328045
308853
293891
592073
10924
899800
104721
179862
366088
38521
634270
939165
410880
21975
46505
28545
402517
734645
207068
251516
564162
220849
750087
54731
832880
614220
309337
205331
449294
670498
886597
414579
633491
152335
705072
763459
415512
672769
767912
705623
149904
152014
641233
290893
626535
545310
653778
790763
89149
542602
474828
275186
461316
212597
633310
364922
525728
448138
345394
304482
688798
59597
349395
18661
343452
9384
782118
742595
676796
370424
103158
583183
588608
810070
800030
534240
869584
968011
313070
663741
49882
595990
536264
318578
99462
525112
413980
941439
264203
725945
381886
414035
675991
816988
485864
647309
48080
905647
143920
97222
396392
899774
397745
63142
709844
591533
403864
579427
337836
618801
258601
497302
125608
293635
811504
241037
669663
815929
3499
373901
416316
309699
841104
400321
863695
12261
899085
672788
665022
144226
725852
543111
551465
967602
280713
782251
90860
957106
35734
812885
753459
478925
252312
407609
7691
226280
400014
9630
916650
551836
973454
206499
247572
454427
939475
322204
635369
15032
811067
623148
32960
480666
655830
83601
318359
969024
865850
664886
491130
706140
501336
16247
889184
622448
876636
298579
431014
297351
12736
173724
72584
140073
791545
406364
599942
154291
170747
235310
524683
667556
847795
166900
204474
366494
178025
122655
744031
326091
122697
65690
822643
36403
235601
144645
201327
118405
474916
680589
228556
944036
3139
640633
675921
794077
180472
30210
371183
109690
401669
490678
701538
288389
246055
181107
855565
673194
80058
128836
520267
173664
678720
78674
210065
320293
281280
77072
155790
561918
179374
194744
197866
444471
138070
609279
452358
743619
441484
43689
495441
645355
534365
43181
90770
144813
947907
856505
235350
500036
631271
869453
284066
147968
418622
73009
757979
180678
309697
649347
971547
162315
172117
852512
377285
556894
432072
324728
827573
861133
81515
556927
800054
678622
672317
286790
556718
96232
639463
440551
367764
771749
82584
538588
176236
264177
32716
481618
530354
15658
423793
963711
76240
444359
816223
138106
667006
603493
4511
995925
653348
76392
797998
144863
461067
470314
742147
592729
609801
426096
170780
112488
416199
28651
104421
275003
74730
468667
350439
102075
306196
363682
65786
690702
201318
998253
343011
155168
119855
856144
315537
976251
73046
56871
14410
65256
228097
397935
588686
539494
546685
581737
999367
968354
59238
50386
552736
801593
282448
313949
903666
994499
363494
483655
107703
918223
700313
300020
550638
96701
63000
286720
378199
24180
860840
30113
321071
530374
411054
776070
69867
471312
578366
20929
210565
322442
169306
511036
331747
182389
36806
657818
89418
196175
681919
904474
645208
419626
700458
858303
145330
471710
665861
483206
711768
212571
314883
843120
560724
506926
361572
326402
96945
468170
920748
444151
873610
814484
993157
458034
563900
420246
956720
653316
319239
496481
594526
754609
232263
352492
201746
674222
714956
527261
611536
169567
312639
260326
375289
628390
987659
70092
326503
357201
132779
97948
360890
786607
972819
14526
201424
341544
99595
936552
982211
117090
168827
622444
761760
596852
778974
664010
59974
516006
67271
518220
526223
463057
292749
114485
91446
768626
344786
416288
981545
391423
582815
126833
169827
360460
178871
334383
137751
604535
97763
177999
991777
131276
521970
753536
839964
699571
426607
454197
296504
41317
932360
810159
471815
828287
783865
585787
19719
529674
90419
754264
804746
294699
684112
131033
456134
326268
155579
491944
178180
321974
157034
473009
852896
725985
704522
971202
471909
238943
236444
136761
138507
881634
946918
169516
672445
545976
542413
549465
801149
51400
670334
302676
456153
341041
285359
41211
850134
667698
765916
625514
586405
290207
33760
262294
172408
253615
536656
382487
467248
448117
329228
342157
640640
126519
683692
261585
40548
477431
624981
661648
607773
600989
335913
984912
189232
496786
626592
45684
981684
740737
750054
283414
523036
658778
211139
306165
114656
760588
95000
944407
294081
99025
994548
714196
826010
733662
567967
50459
133910
767192
652518
747750
521383
713080
882013
184178
40822
442270
422256
101318
540763
273809
362431
361716
91787
112128
59571
103148
971261
985978
184432
779545
928863
353543
228469
164817
107146
938975
872732
674071
651942
568777
865638
266938
750914
877605
938386
483884
475551
342585
77214
91582
25375
714180
38828
565567
717278
235599
546221
15305
728589
418032
65833
974572
660380
111944
338312
668028
663933
727826
685884
758273
486052
195462
580558
367534
294189
530912
155779
513752
958012
211820
808064
574885
978705
972222
372682
489495
600054
66654
81046
77663
40892
106256
419978
81411
314239
399355
405952
369402
49505
607288
56584
815098
420642
87813
717548
666387
252568
873325
249406
894907
656034
810287
111554
578053
13332
753200
662859
293655
435877
201168
434736
84963
780630
570619
297156
881330
451113
608807
222732
453686
151325
99857
443975
527268
359906
675726
707859
503767
549051
210110
714344
881127
469110
340101
787409
636111
109517
28894
843168
357246
284230
913715
938627
369055
123636
113567
50325
406917
459728
157293
356094
133704
782400
981462
780416
22552
607674
952399
638460
206238
209583
746705
705258
224796
609169
109493
553270
832696
824139
172783
977895
911057
748792
100849
919420
36963
610849
394129
662306
988938
232829
452973
227007
687350
121219
319927
373731
363427
26721
625361
326267
325355
11746
195105
418467
320896
818800
716173
690350
393428
100880
604035
437855
386502
230246
607049
421785
912434
348656
243759
635616
122305
620129
675478
959279
27074
629851
650031
530140
745624
885931
379641
426030
471342
862791
973719
233131
227485
387847
447674
213077
327655
93362
595520
228361
683979
57376
164349
273699
630232
146155
855634
465467
862878
952733
3341
554866
582584
271957
117490
842411
47623
48926
427592
472850
682360
401311
76960
550888
117266
511493
771551
304719
867742
234744
123320
875773
525642
697425
23621
376491
446250
267602
841956
352287
725593
192192
295788
831325
647760
145347
120741
502693
837996
845513
602906
243222
725890
709699
217484
965494
937687
368811
270212
704334
367755
162031
312283
19177
611674
675017
39681
44769
453167
169540
875303
604575
267846
466940
22684
240822
490011
437144
135002
404714
722686
246210
880317
300377
208434
612004
377423
212097
495018
564490
321091
124880
145182
485091
302273
629290
232329
704013
149981
123073
776471
557176
828635
942942
723990
795133
200952
17130
547733
758988
300881
188305
992731
695401
359917
611434
122260
126095
353986
802421
83913
313066
441504
415008
685061
888808
340313
849267
177793
255939
502793
366130
325033
331427
408808
817554
696947
510021
31554
244679
150432
846637
104357
182337
940945
25785
321430
849440
658680
391845
651860
280177
395765
93363
434080
595029
561057
549700
241820
86671
571885
275139
831604
584642
173949
403487
997207
20117
244902
871631
575612
776972
875395
414422
297198
709464
567849
91939
333051
471517
907807
432935
158729
444948
986652
441294
30809
906046
990992
186480
571508
600569
520672
621480
256734
699765
372205
768144
131271
537101
42408
671363
606599
75324
583125
285497
118137
273501
689012
135663
225231
321958
846349
643109
214449
444764
412635
251525
124365
917830
796319
192823
792038
815327
76946
940907
697082
278157
48195
75898
333658
185841
944962
46036
545799
834426
503701
347118
622130
3151
57626
319265
429112
508094
28492
328130
545917
745538
501680
146053
28172
354308
279070
686685
140918
612258
966735
219942
634171
14929
285677
316348
136009
448528
569576
384780
371403
632334
655134
507736
115521
175511
869298
225298
106156
687997
438578
946353
710912
790134
598415
174889
499729
882920
811993
39539
186088
778728
259479
702121
793655
349713
495647
682086
596335
829165
952127
481941
60463
214476
989675
709169
637187
934672
605778
200510
572036
986410
147994
523116
263591
968088
648424
523941
534072
479169
563479
262994
231638
165736
821243
61207
396519
248045
700912
992852
138236
436277
338866
308802
74079
322744
259724
564129
163017
526101
852600
418873
144290
465826
388055
27911
331312
612967
447895
82477
638715
239693
345470
111650
556228
411371
498835
363298
571716
529819
143205
632097
809817
485628
174695
158511
455877
570105
114192
836132
473693
71086
763356
50579
75881
656998
111808
433754
855069
789449
706761
757274
209120
566434
252371
281947
977803
728336
6943
568567
578589
807021
306886
964018
511310
97277
585738
407416
978256
699929
4865
566561
824188
80877
266220
378444
184063
104868
828472
253103
876329
24751
838548
141807
828910
432695
45817
317960
733330
506156
469379
986946
589190
293201
55626
694174
391415
155567
88240
721229
45258
263816
779203
415522
969922
430188
162129
61328
171292
646712
759592
544054
312705
656035
547560
940286
602933
6933
564346
278166
837289
22578
883977
940625
856027
687954
277657
115450
419888
153745
234922
405214
278828
998442
941689
68187
739701
781110
795820
768349
427821
784496
692186
361391
819181
177069
74197
175834
786724
344840
700278
175551
206913
584255
997492
577422
38060
73556
207075
647430
924644
686664
686660
933229
170133
313657
717957
155420
94766
593891
999240
202731
523120
253938
885043
342300
783262
576606
376077
535620
638668
968503
209019
170821
119512
204026
937204
121494
689725
55721
277045
633105
218402
454742
110627
907154
731402
798494
848989
131644
138565
927131
910113
195790
115706
63572
630721
448432
756087
816704
100199
746397
795597
541786
754536
387153
544133
205944
16767
38059
864424
156368
670143
16367
225760
750679
309348
303723
287041
362788
570954
572397
584579
150545
13267
462270
479500
192801
639725
235586
3536
93899
144543
203171
159407
899077
282133
748470
619224
273066
796563
736813
836764
24120
755787
657194
711389
399743
48092
357438
703687
48660
402968
709137
954026
353404
535050
216514
337529
249982
703296
652561
428899
965622
590171
481411
864235
476149
393442
234342
318128
815245
101340
669095
658307
74891
65428
91506
75259
808115
190293
461534
13989
38918
158944
773471
127969
234292
358502
534236
806767
201459
759449
36961
144276
36842
249764
274097
241682
412842
723021
236727
228086
635076
144847
52706
441982
73463
982093
329718
266415
647029
190204
577924
950998
530129
38333
289732
912624
709894
514770
602569
637592
670272
983462
547490
707112
10963
80000
280213
630736
698529
707716
909108
235176
59084
792455
733068
327409
168717
610674
433240
518070
308587
95094
104377
399203
960690
654306
501165
86251
795327
487710
73798
410208
43086
930959
341761
311267
205692
447276
439490
495791
589132
686438
668722
904634
725302
556297
758449
230258
78763
275619
70619
904092
337909
111414
713675
331400
130317
612850
596748
60043
967984
537761
74221
310973
239677
967146
836539
812482
850196
368802
619384
405282
244427
766060
76387
388308
526959
697718
372243
765235
865089
34747
135352
388512
169242
81840
326764
366565
154454
77341
297839
636641
720794
359170
161914
59705
768372
472143
154991
134483
855686
235077
692181
866037
823941
992307
811625
793632
768733
812434
653033
393388
937271
19467
544818
