1 1 1
1 1 1
1 2 5
9 6 11
1 2 12
6 9 10
2 2 2
2 2 2
72673 446255 217797
420922 751919 474251
96397 106802 545353
122761 189756 579794
76010 1178 45494
272872 589609 104051
115030 300761 245710
864806 370585 612290
12078 393949 16914
840136 516882 535875
231782 15042 146036
907396 41594 556402
217113 76274 378666
736831 512977 620249
98684 271202 479
119642 598573 6615
131850 60316 461282
968664 155999 960328
61811 681196 124308
78650 746737 320483
27004 741150 777703
34205 755760 919897
527831 22872 27307
624346 24026 99664
479987 4015 253495
746443 53745 961258
33241 682801 201057
80342 964482 785521
188342 519352 714131
553684 725272 976052
144142 264455 376815
615735 306337 602406
560546 261355 303861
716358 882959 396776
902486 6814 483789
901008 234630 520937
4641 49313 131096
47814 642160 386674
452698 474973 392193
937105 808201 757129
547315 288777 72283
740834 310860 260709
493418 615806 117048
789754 656367 233801
71664 193065 25422
204389 712711 122264
342576 12291 170767
667609 383982 215076
20262 136489 425179
253799 227364 847260
559038 257774 140043
878954 390058 184319
386602 277711 467978
619429 660536 679488
695594 16290 241722
845288 61847 839246
683341 98895 321362
824350 386891 849325
834875 741619 163464
978985 786850 197825
554284 687989 722398
707191 771257 782943
690123 314263 100878
780718 445999 194518
130171 40430 29036
851940 525713 114155
120420 643495 98219
614248 904515 146834
60963 748359 76745
635808 889665 364870
91151 472023 47828
89469 680619 202013
147972 140999 161590
816300 898635 940335
496551 621684 58632
904135 649309 706060
436278 561079 33
827509 734671 354149
154551 22394 177424
518566 40026 445316
752 320729 336291
12071 509660 395509
63616 193299 470307
188953 210753 506809
134774 29660 218584
213443 459713 873493
555433 444585 17064
658917 518783 465728
427292 300295 409159
791443 411943 425226
