90
65
66
67
128
0
180
95
29
117
15
150
48
61
114
65
178
72
42
168
142
96
105
156
87
136
87
24
84
162
16
124
131
174
130
55
142
59
26
2
167
58
149
167
15
12
96
33
11
39
145
66
46
169
52
97
82
36
180
132
163
90
5
147
170
78
116
13
11
171
101
47
120
138
31
104
60
98
78
102
99
155
32
44
172
154
18
30
89
47
0
91
48
45
19
70
36
20
27
0
174
72
12
144
18
65
30
137
90
94
26
94
118
93
157
151
67
43
139
106
113
155
21
143
86
46
8
2
114
90
34
165
164
43
150
127
137
1
17
97
76
73
169
13
82
174
85
162
80
74
59
140
146
9
80
88
3
63
171
45
93
50
22
79
175
51
116
7
109
103
28
78
159
89
145
108
41
22
148
99
8
129
109
133
88
71
44
41
30
67
141
113
179
163
56
81
35
79
123
148
110
91
84
49
114
115
40
115
55
101
25
0
37
34
64
29
177
107
23
179
66
122
111
32
125
160
153
106
125
14
160
102
42
128
73
152
20
134
124
6
143
37
18
75
54
10
56
66
118
154
31
54
132
149
117
61
152
165
60
127
120
21
24
70
3
74
108
159
85
144
96
176
39
129
161
64
131
36
140
83
42
170
172
107
1
53
16
128
6
139
50
51
173
24
123
126
135
135
58
168
84
119
173
81
53
144
9
60
156
133
92
23
17
166
162
77
95
156
136
120
68
10
52
4
161
141
104
122
38
27
176
138
121
62
121
6
112
102
77
12
68
14
158
158
110
57
98
119
157
177
49
48
4
103
112
132
19
111
151
63
5
168
35
105
146
28
25
33
92
75
86
138
69
69
180
134
126
71
40
100
57
83
100
150
126
62
54
153
178
130
164
7
108
180
175
38
147
166
76
72
