7
07
007
074
047
04
004
4
00
270633819524802395411858218067784960
4130378523798808581863552521225639888760239
39110496944106440905013
019241502812201175473833758063
6509136166
0853120513568418484541652
367920973214949408928522183968096018028351
66938922794203799500
03206251379162
7626698626833857091253786478220
8286185563003893705434
1911331744507
75207435564718062374529695
68245786621298661789918
81552071095683457596572742843792049478570058
9527482221842201243837535535241495164508985335
5175663910392726879617628
71047756412704753245852016900777093788
217231996353408446346235
4812866938250333979153518990444845221115152
957846112720
3337933565878504945715196333762117000478967038432
25436080688099719957875778533945401321381380274379
78747620114
64217547798915342571
4632836907769856433333688335041604
097294183231885210000356597421
20262680105284
27957004
8452887
09925746908948437919977
1299262353520081290694985285
7432654297025445557475546391363
1837371273420895561336
19843576889718065407416164219881997445
431160127757365442661
6465201935448060547031885404020786409
923584654393524522938078957386170738113
64018761
569739686264
64415748405733616782865746
84062
032092697343151844601469054018734133425379695879
615275241479413
6798438317016152234208613429764554419442154781
16856719272160727188222
39128461156749969195369007
492144294755803742623939220448289706145
122135999745776116654066762827541776
6666215178354007684405790
0007
95257520403054240087234167369228773645798015659
776930299578817702450368573242
119241450120
6716271409258792925017
2324775854916652844451572835
2246603553005483912578
130335057415110896111
9462832863268719
055889878489750
152471225822139
9427526394261304051763132
75769813586227845098493581194351848021399113
2
64960198929162692294428321772
70
765875994078863067687229103275961460
8960659481070152565797566372294
830689083173427984791
597439389312911016381730614537988952002245436
59687770064417437244445889324922080850
5662956230697345159420641461161
2032516813888449033431847451192595946657
5691281545075570283108
589366071862066703889371756974344
7089918760448
96401118877743107838829807861603473
05414380601406408580396679
2837001145
7340946374977
6506408457559
1608968934401370765840824391000162289092734073041
2572947157171003015954294144862239533449478578
915860376621403734468
292079989997789275916311076436565984972
647646812730362330096
736577208165702716
668303605582211998216594298924692643
257840273281690184594
283329771939991486677469775
690095345218269350766536917885276
7683
553670537803666478268
873351203957557184180766246425304869209597472380
10087603565
1762384391366089009339108453205473611261397
18130263405440780420701947289992928056516152341605
9890282
922
3623389472915541529508547876210592133272495
40504676520429062342755092433068
306072512144126660435420153141391
90362576118077010683890126556865994161984982605765
664
81357312228390294298096983140
409966390529931347736044947
9913
03686783194608087567209694595197675443785
452531211410114621918505160945391
668881311447260290915188223716475483616753791911
3
762
05178718256717614903097312
98068777678615299170562081745
469629428298
0421358526725021535151667859739793148990685397462
892462431183
06147367942
5182692538352895725909372971615155514767723
02496286126333616331802481173675035653587133614249
4088012748429077502403939
72778296098264336435188448743970
491689979364892228426876
39821161451641597186408462261846948085
227088677773303965137193
3451986356154
248798096829760284637
450941784142942138150810126756791717108512926141
593624942828
1234164918400236442300769289495730446069809924
809301162372967899257316317461241184
10747955854780633285933257
8703821420171748765099861393871761056
18435501577297293333832000337969
025746536743138683527748075266180666539303829609
51148977793502690263493
77858875192909790050431477938335233232053264155382
27795688533267700007324959
879427314992638115
15823469348028280113534999700
1409853449849
2334
7990491384435036880249380
341900900
14690227273055
16007833123235466058072720
47899519414938452010825645927173875946088493
4894194371842235
658153053823
99
85
998628062513271344390335624921420
032314837008645157712336367709124
56749661447164
352890379
993158717323130621472
26737106315931724557882845202696270902854349621198
76283923303042264649094168297216936450982
076
30172188546755083122794697904749058
96043838357881252721433
08905746342646793682907179232
3562539205643300268087350275693941224366841273409
0725
382843338452898592832182332278706902
353717827531373675120490
2832088537825292827564
376317559304304131959461289965302156013243603
183252636017902406754
8703083506338085347737771739407579887357912710456
2919628234229
199027738039296930049999126577
8789158
388419
233295184432100807690305
852175501
96302855955
547740928793160881807200257324
980843783786069852752972
2146595524951000090689
068275689945443967130131
219223381759
505080611202725036576791004
53836334597
37109725
74153273771254019460353275267915332879469516
170862115602
619084302206113276556
3076
379351459802054965
02159912089738765001103328716266774
859850688563786880400349827
1119828526321160148964298886271394497451004342
56475814692239
6002297907163586
72021169204519341580273209760597899127049412
467960433842522031842969220
3327128
22170795146476808410828151065
6718447599
759641602696
23732248158796517602768829300972367
915294
027395435225738730675372487691003
3459002259748265918634700643
902671675034795952080914636499312779039
52223730938121706676729996111276408993996921003
604323531852048648741650573
9657703150778290808305943640
77532424760739778950701415
719586031487449178
6983984225
2581080243820280470539561523
8125135259687090816533830646976908421149027728901
55250314
0351455886
766
6857875549042383630777356993850438337081005445
08278023625
2028601972004058428621403869210432294613
33438402365
2591303
080521104507861
131698426559584786237432969942
552370716266962770107551633885653092183
31727114136902095575131662890383468371094605024881
164748739024604976980607
3361604561950360508
57419537
15062332788895021292069032
0565818531
5906991025239508552457028103525
15804228772824679014736
4721974224498777415653543803
707639725951
602398
5628172977267022115802968103198871690009936750
6264483267300408136257356815317933584000
5271553045630198273544199130
69907054588341353492968477383529
112398979212785399357755230871302743
50693963602650345060240390886161240759
41
065502
83053645452515978737078596368
6609155811358608
878777748375353052339160
19237846815699649184501936972933089963544025290
207900957029
6524412978
73994126398509079580352914103142454086918768
879371634
40855217
8176089
578377416599976173896684972953920777610
62489018508168577974266463446472822744806632
19508957595059629
03307989563
2607698383
3504323356856937492538627700555006430085872665
36809963653828420
9549409326102462581319978174686532692527349
0787511912815573
3015800439990597575806144291959450242407596768
35127951302717683809069830607462906
9295422590348538328655849561559471913384329172237
927869542093684819104745037466780
68533734313716958322848794662620503098422923818
6216793839488885045041461809105738507
81041041555072238540
5115400491424834450122846
518573610031642076003575829766319199652767821
581
142011200183406314951721954667473894
26157697430945017424
9073901963324893787
86659923293190692708230
3222215303815147090116235218737051582214
952299409817063571210581085290915257329503229579
2007839991012186970
9732
7155057266
95208212629711008527264782618469900923205179
79224150640033879799984304032979194
1979579819808728561803143946001198265356459321
994797942008001419677245614137256828834036
46289468185876302237139915548172
92859689378029464177281735642033331429356270117724
55548225630084126253191122097744218
6172604447620353384535704346648278738194178
1566423790933310904701205266941217
71441656288200870090538352475383449725443
854724746476948
25628288003658
3440809285244647095400280318018
546467863027987974494876
063247705382247465344540137933330656559087
042529095556683838170747598785401774
834582485225516453971778170076159729967
81132700299586625
42259322238199334
049568044662416886
30560761216912
60795453826407040016
0442
0295375262648466
851454647881
645518280139535316170826663476752205244579
423730100958531129974399865
3418645268489964
9879975264242786085559143235802809998437061451
69835769084776976165921847094120
038909103970868124165914128341664456567856
639775040276394857612
6074982888397048662527696164407034722923954
89647002881609042
7564905434982791461689417630159025636171
991802274875513145
144502885892914
160020807159505642364340164270009211413228398075
037309765956155586010450941918431
7126977439084076292713423727142074
73319439948787071
1381
7229415081520051110899070606614658599318470695709
089179905539397909447819626325
24453363147278260124807989523176713060674503
42554057945917
26299
2680545770195847317968162545743921195
746041901438616790445108221
189037191292640458158816
14256566799408749925171908089682027895564636720825
527725716318537
223199676805251878595221731
600143235013830381151866299122512629162885268
18843922861775238412320838555418293
170943810069773224252829438851688874378
8475409
423907842629917016674432109528592882768
5196468755
997309272241749
178121217094549468788180623372
814165374669130
1859697872129569711
8605
846364441632511753602873923748454080655918281
66929128611915
5
473538241269325210142906299096245
10334671825548772292813913
692122776349366934
08890834969620844231987025738311222207824986192
1502475852137269494764906997
37217675170585522493889572183098731598235
05950329627876206515588750775515033
673592390597202713463448975100497
492902699024737410
709570704894486380100124173705585654644
3477453574778939886833809357010379
2459426127715595946951621834729994038860553
1402863372890157549411990627370422828485666
927488190212859221843973359917729460599
229278602547631982019731321812555482
42919672983186370414717993
519071992885778954436062790
855484657
6065732547182088258468912979767383858
2324146038735316666553248099871023640265358
994772327
8679559881447495
2172288963
0071670329203672268109041020853982269204444
21149959075170467975
9251297856098489100853579150804729
600457647058170946725876972823103270135862
799937852
207246679601512982723612561
252661009609520035139872
842778132793015634166411573445152329
325239274100
668004730101624028543884270572061061456666759
5343793765663413225050518
96
026589372259942557973925453741673221171
26230705494786
418189775118219738280988592579732
40749251002277215223282531624800194230
527994139654858501137258
647961688603734509469961318788263971
4030089525531332265562654206038433651526089
34
701396162368599
52726352551988560619425773735642
2477912441526335649806
540027
5994885050424
597147165811946681778763735350621
55283065371959
47313818443607762500808548653608331822687169
352064982
401267262870226
1
6071892631677108367729519735
445719701554151450917759468426
8017
066114739894897
6290074450381223906
43531592462
814
01
61044567485638289983547758
6943576131925773055176901380084890
600
31668431619985809401415308770743011077
582580509910628128818763797784054322382495
594622632316203
09
639854898874561483048674009408061978379376933
9
6194978279677660750249526671764376
73792879557724769631498766213802373570
27619085170410496
306300604376904515823
93623032362912972520222695197418
7139452393425460664000064950040
7611156391
6518303405481542804970004677704557307840608784
64853086465335702532447427395933
31939787230712187
21173025810373496566410603821663990
14096055514193034206588644145497818433285616
397594082849004411240975172918148807227514
160502942847110120298218537
618
0840244448462676615738502228
28634650225183342
23798569993076839216
38066392515006
559543739560996427493906633831716882155
032
216782632890
49768
46878320585706576759141287173988587521699
609377158219
1978288267911170209212205790806996944
607820110341874081971
9809493091
8178
018426488207116016177689839108601475216236969
8350046036338334660314476955
743015272310868414074300906853527020
580010091405692192091054594
444144376367065657871062139
336990046313680665544518570811764554650
037
38505060578260192058522394898581533159128145374
92674004505585630245377204961331598000
7332190694378262321946472474692325756
262552916249305897481273721497335780184720680281
493688309929
54267
6138118336450508301622819351948551683418173325
865
802197827304820977050013487243643054846776170
693973908386859414590536224517188495907858435
861551
0762336276115815812656106713545533066613247
20601886698291545298
964797
34064687773383674311811328709713341809598137414168
4940347536980390517518005158730246492358066
98069932033
605637
944087567359431141661
1
813460456087853790735861130451233709047
555501291
59
103
089425725829506263396407999325745987479963036
64213053075929693182
49
37641257678985484196088
988039387148597
752728790872858866096573621138425819780998
75271002652146
7944212311432516290220259
703353297611245677315725948397
67814164027261
20651253
48989618699035630376
417380736686885613225550312
89552480
743549
46052497959382
839554359212873119381880950432637
9204917155006290030039534072440382983
10110052285480364963220270570051395312552291349
4746260975878611566604336261650247863160
686299976790028480152309463543333252171
419558968230832225988412676840703958976990175317
2697713693293322031710911875065424127787038363786
670714581746293310217
468296376969875376124537
40377645666293102289749571126120179853622
61674814988857179784911
1747160708548607718289
891402514461
2354128981972720
387748921569942216437538410
520817777791480344653280710242594507575464
148682435617659091598315082479283062
1529995695523608788802596
58375447456917792272072853
24199126673338242131358
75072306035948817342186500837
156229745773943750012300120958
7551768438367796418
510642647
46119170538895813221284249423499021230285095778
1214056643197219421843805972854
9
623487
1943060470838080738470456681
5006536332033543663949853331160970545
71696
50516823700343672869
4548256318843123372677034752663019056889675108667
258404179932943199078664094651
78610047
403566775776552546499180912280
42991588377133
071692094917397751862353
2017540576406568633
20248984
340660120608227887620663023
19764822064224078977651917422733719314510134853650
3684988106535848985208556283710379787607472978
89609476195696845733
95554941859931080
12493277970232097484881995105398557876
630092081787599486701311860956812841269639308279
61193201497198384621784647784892922452693
22372837105591
600693515287002
4482987698379517523650922812037498
88668607570244701713296419461
412282809592736450463680291674046566778927122
8792558371
0925263759429346
886777122089350497660331850
1622689570902717432428224532237519
99847949
3218832214551093498708726115529942
4517874684
10618995
882544650847376440026957887704082238805809
683045284131940844
46077092104862489907313637813
0712603824064
186006959
441264783020070210188284482363820
4663613835
3093193589163647467635463523999491020
98307673530493
51415825984089348379058433673110
5185557699482896708582810761876606381042003
12082932335414511193933
3933088108149783037374708667998
930138239598271520805523280300815928
6301296121
396078319361652166074387893934586185216374639
476652039
4397956784208057510616473195613042759538250086737
91550060523029524497
15513108019175293456770
2407401556909180373245189848664817759
049169341634
8298104260661568499082695221871893623041237403272
73662305704885
67
8471955
09655603226493554505
040
1358061
587180526940694221647
0927923248011816108
06660898277481175702723917
47719495686523471501273455068734617577
5580944871984
303109195678545260973939901017947470699
7792365066917417427716
03109220911447165757598
62135
7
39621843957340097764968502
5
8179912755824
64552348427159103130021398090536983339272189
29535567899618663462715
533632853398058867677241825650
150792865356624601
807436884311461475442718
62065548201882
433
1
49185688434731407238416662113207318878741137477
020
6842155
95339
18302545483125443059486945778632464738479993
5897303164521407944693197909045527477
041785104358161251180127864234130508038485393621
3997175718271576776283138074
84073700494211681258196420259899218
80639070238385196039274355289247222132177907636
5137870654646
384897224136992747975977522388539
3
9536762866526493660
02783442472635
226203729432004509212756320976310
32516679099
423937805146324634896304993985427912992436280
462558874868943382504418044
4711346044794594149964900383948411565162753202
167122244749707341808190865
7780563908565
6225566585
97763952058897875
2447804480538435265785383463119574266
24990743389069598036
69418066651360
3668
7818326354813342
202715328986753661180754
808344
4656180198776252563538297492857232043072141766
434985392714
630082
3547609595830349880251830152978424207
7686191501303141644166
60332505384993065327651917545144477639289
70396820505996842487826501629
085573314119228090479216917769487947
789020240333722238378139716753454556
82818102346485418389177732
87
67140151407247788539
58344772760494731872598369332419573142330602075
726216795348959
4579734
940115589332223777794759450384399522201
5637865852701497991954
403923268896883637531
4895911617646078686847693969571
60773035719429489365044540610746
1531981007411306156614230530910
756847064598014381197529
8929958518199956836981913888271
93208271182298891601794274122223563591821
419202014700
05329762435926748001921244817837589455690
0400000030474814284570484
6116711911024548287441486282234865538820
445084283824502997143020758570644244884396
493500663683534024961125130448
898399154030584838711047199739239080
966118722552
6442353446369269301182469806340284431875611
507008181
6266120141804984577
5484505808660521735
6330246915860825975154869298541394
2821981
800517025423552329
6812296614704921222778106649136749160
432448360884572670
2067851960934378
64782849567394710495
03897244152732916065914485656236517434169534847
44167708263006889
222313960917573731659922120
85308459358436363991
8282434653407613326912478
29253084527984345208730
43082014930550922822276918703868198499014262274
58895696469867806668869417854329320919778654454
220
1162859201336
47544322069611935052259301556313297829228291584
015476797465788177019269450254358817486332
2294164358965667330
109869612
95509695963030697929951059030442912071598
91
8217529261851166707828
637468706936675136910298095
356915574
9042620335246
774961907698177799851683231689077465557439476
4534363105631623399176941
371918542037152985608929196037496
8865405788228084383
866681
5013199641419264
64414082840785407716802946162590952352867
5769736194343706521442088718308
74767599923593177511732713563
52040800914264701654748121477934349
41634
7
643920496438778493127283
48755211513775
384072666715999247215626252147577094463234833
7981038522
45731603669492732293281317369765358620106
4
41166298333407014869645846829283522163996358259
658213270009402926390208767936894635953
7521573836930948719199
35697140193
407453594754463553890409760055515
8083120685432
8
19630690665192475236655609951854947908266
86245760346008093191685587403293017883
474495498
81696173799202220025165714275
76
351
466550505705058826178921886457395141201793410303
3094433597082233845074
0933456798832
890728942348
5
578621209
977429511230274524592263806006
13785837952172726205
237134342575253
82144536282689122056692
4968710533990365301104347123044662433606127253706
18562275791357512893615452942745513833332
604438231168712676411137980214904348183591382
794128475465699796036429930424295729567
03792664297
3192516951828225895124260805903215686574676498107
1125023295239606661
0937357
77400650805857355512148433380047787
420435405
5048484427
57073051957454938980706554098915923240637
7478
8850586231441667502944591195
730700207730181760464
281194077027748055787080041
270464670847065813060969979912660608285390096
79297284381394550743563112144913163801
4177324842497358691033474
03947
30080705878384397621583733120003031021701769490
7343192625045385618055
6567977052606542905458436736408
5594496114379821077553010595677149898421961
6
162839142411178093992934
4225878497800426737510
49581052576083844
440866616326997698
4214034548933533329484965851948481095
49262
1817001072822342
488587243189661678891064816350
181680943233096686677643
5202435363364817369228084
81537277422178506908
3487989729754357023
759
02292208685565504468717851
26408849069049627178736
17514659
994733015054872
608086351419903119062277534328
903989
5286199622539078923386155186900420369224609
06691951566204016281217459
197915516667445862988369696048079961434
020686450538910708768938
012577798
7604659660632728512314669539432414
908680423
63785219171630364789771759003530
0045356182607256266
7378594034956509282138303875437
852446692550251544894197
6389028564240186680497057909873501615483007
259059457604
2540010493962564278069565252517793996256572928
46464322167331032
2324900
2183749
1375683537860
2246957911214253489357494763385
21416327470996436582221929479951195727
647735282794237156
376889939338195953335221480738485383299324163958
0492809606283056188094535194896835227109029
5496
966332941542426170980005230846364218
247899237307410515975733397517934833756599452
23312098347390206689975846991174617938772621941
314299237141425154283175717660194833
867138655729922000919891905768747670437121033555
596307413493152722
8140
668
1306
81586630563292437253591
752371584260
9255776942889158366
11746589319257036642831746895698794562605
2152431861171859725904849696644151314600839917819
229080
9654261
1308326845015320541751540004820052806480901636
0297725445494616334
982294558130440365712428
3468899831787480706100059303586
5283372711706705779891584549409
49478869031802581460
1017403614008099
01029266073890292
646260560579180301660853743135292848096044
5229467265992345827047627580942686742460271
2621893479666667383153699
01218
907790381177834
404130027269445345357649838883125750884700
64328854630735533046543721212270922717393568032
482125969171561
9642373859752118930211004
3946652098926435286368780012050577134434448094812
402314327509078
03859299483215988311073
230509924773172576093173604670
2387676015868705485548475543
416795583610678
9498172011565039199076004110015057
74495564367288305038441772490199730506932
8281563840477313217
246297800308
924554159844187578
152322347655571246527581688157174328772539008143
9764583684
57012290045557640292268838197834
36087083759633864082967707
82955753473841924210818027709667872
60117714806249321
4321518408356058345485679064470832
0696802362
65331387089723623172454236472
793246635834759602997543879
63144689362075542624123
7737720553101094635
0204029162162431856608628766232274
06715051496582342124113038278658431156498166592
36449944
81968733148799527377
605264138319200233
92203041510302
28561395535550001234858902152
661145452199669972328179
7335761302858
704881978110249178403194
1848705
457547550794601764075566324221
961408270974878564759215849280478748765772
52128505447141071239203079868294438480055961
9833326558466059215590322071703816341906045
7079334
59690
0965773014233208070885349036951947634968683923
22120674570365770433
5111942301844250017933
9051616
6827999392
3630854557038089996854
430581796359
03152181490388364608668958813743251491730069
17389367163144410036397470578
7930745
29250817119692566483169184179933878
517646468247630012118499342322473168824
485338350
68278822145538918942783536363342379353687163954
60239582411767904151410228745
41264345708075897404846080856390
3908557548418304342002830
95509010867531574
140614
17769365886016896527314840011593461597097998597
5910178771898044659852
21118002723752829938
3231029541752042362519039448739072275321
2962515332642147546847661
3487106943226742293888249817722092922719041617
565346815624376689503
1257
4934612088895639027808522066634049610830839395
17490254450336732605808991041512554
799462908650478486398631165819310579
697469847224814467752684194663544281465119710358
455
414
5221
65278833064976545790414570304
021290155310416
5376618295227867172095578774854513274095
47523453
6411110
60826950612
793466013379913125
0612
096818689946749
982997223541
77163091890748707026
35059526633551853132328
11113966583637211768165
9864276480719396123617747
28372470927765758797501873
69522371729911789484353006415
1186521340
390668516163786529
301289414811301991620
85763214444
646350383716808520
274816
52629486968342050850590018421238
90669257281407794746077031185946202348076137008
043032074371237640908976335533250753252809933819
1982955203767367099
498301685776770826051938415526365105586
65852837654
676181808175493979156928875441218048329358997216
4294494278682974578781462654929368
081452336423021904
77023963223251598944618110201640564
7122354891071639720824150758407339766375
9565875093536254
30003313186
31989776295760496899810361671305695662484
602
1
020032595
9799250737207825065277477
95149218355459391093691338387006713646674
313604919700241548847572410014467
593402315578318177849282318976725286719276207034
109683192078913201912
0852
75379497
28448
40402411646641
20678719461228352392746022606910988951829041096248
1431679838060069770972682574
511165734795775736706
98280077040359842
13010783356245065362086223
2769191228254036498243
9597831980771713918658
32146577459
3254252291322
282005411171836
792454096901326638
3537746821629543205276480968246729613
1847054606660
2544404871790406634006742808614088
2010727853010372350970076316
13
2571960602708643143045828111346515831891393178
12919
13434
6133481702935878752892008343688414762954148847
2400342636064069406055518296684825169
441426697013281009218802
29009545908797410749
41262064477
995762660579990831992176351930521017576523532
278382478931881423
42118962496336164
22517925067541065853212948
743497904021109852
37900335493189528231945076973488190423172
80554687973470298738567529056417692070069309650
25483358263105876093399431316579019444280593292
011512964
7004117073591763
12494631971
164480799862375268573967711692320988160048296014
81109171242694895601835776579
6809892726
423124896999
67214302322146963237760141850719652185327751660
1588100730267556077022222058659907830003
499965962007429489358
87217243284481979499162
02159987809653193731031
9290834975466464772225353773203124319726
842306271698951
470421664751137079388751379
433803425009073100172670551820563865109609826
6839858553084219067628
17935318903189956267608514496360273906728236122
60730503153801040532104049863280275545852
52456401743348544874813387194320897658842188
3253192547
1048478465015869067112745880386680
492870917997156380046838336039488786997698323
5325786279539
4413391210028443606073
0
