1000
16922 61674
81832 27985
33653 85497
76449 59614
80208 19776
82898 52357
30982 84340
67660 70074
53672 69431
34486 36923
44823 18006
39136 94835
45976 10374
85929 89504
84648 92178
78181 1569
70204 76364
45906 20208
61861 22354
79821 58420
42129 79070
27128 73110
63409 94787
59536 33432
80570 94021
70354 41744
12026 9490
36578 58002
36215 38859
47505 37214
31036 42037
55134 1239
34753 1039
21446 12965
23392 1267
71384 81872
80336 98511
71334 60097
9650 30869
93528 6571
24889 80234
48314 53267
6075 84891
27620 42289
23749 75124
79502 71137
33512 34635
72375 68264
35674 93821
97580 75417
11439 68963
57289 8126
83826 28622
84574 9827
75842 94454
16397 730
74687 81062
70348 80761
82304 97967
39401 22405
89442 18902
93541 22954
53536 65915
7569 5561
76087 5149
97330 3877
90463 70970
28355 74288
15943 12928
466 91784
7381 16862
92513 98419
14275 62861
79179 96579
77179 34931
18983 66621
53832 28875
5926 23720
11141 13494
45632 3580
34994 42961
7456 25457
13930 35810
16096 29872
65090 16562
21655 72470
49775 30520
70889 64050
9732 66419
76980 86910
1350 12314
69882 71533
41188 75807
95252 52328
89301 40884
55907 24294
83844 79715
66102 14126
31876 82198
43997 96965
15111 82004
85787 64885
12523 56675
45286 38606
39445 22265
41867 57146
34578 11749
28679 92117
87555 40282
44445 93207
97517 16703
33853 97713
12769 99954
11838 44645
98503 72186
41609 29965
54189 43747
94850 83063
16773 56487
38020 56218
95104 79887
29715 29681
91635 74745
38150 95541
15027 98946
88748 12543
32000 22600
10255 44769
38905 38444
89413 53760
10630 47373
83724 81170
91120 94925
80585 24244
51412 18604
80461 46515
14842 26528
92547 6476
1272 30696
18369 16298
29641 7116
45193 61641
46067 71799
22761 1323
26595 12173
55082 37224
75897 38806
34745 83368
33730 15329
7612 85141
50285 4424
48007 65126
30951 40554
87954 48575
87601 6322
81224 17242
29789 26416
95234 92207
14567 17994
93529 41161
46518 48611
94736 38766
3768 29480
38486 37497
61161 62449
38990 11445
66872 86996
92922 14175
43901 80875
62749 31502
3548 43972
65095 33336
86740 76680
25542 1306
94673 35423
58818 57542
385 53553
12659 4152
99384 51144
41648 76896
13592 96989
4692 80464
83985 97614
10990 44237
78488 90090
75738 82036
34061 40832
31723 37152
17511 73617
38457 28535
9039 13626
2428 9423
67178 15087
13574 82914
66230 71573
59809 79822
68562 64501
76637 68898
62114 3978
13134 56953
94067 5224
55340 44479
46055 3415
81631 79918
77031 36439
24804 2421
50065 27232
11843 33594
42318 41768
16507 24899
29692 92668
4720 98253
57168 97708
83502 35633
18037 96636
8937 12103
1859 80629
72934 64265
84043 54564
60534 61073
7354 85338
79845 73770
12569 91687
7364 71238
49806 40222
96136 79497
32889 17208
94102 6408
14915 77603
58392 32952
90590 83681
61406 8800
64309 34339
73065 64703
5254 49950
42127 12608
35287 21971
86377 64207
30009 10092
35444 79814
50314 47932
75662 99554
65139 69763
22314 96405
63718 97057
29356 54307
80737 7114
79459 61397
41452 68875
42451 63058
18824 84577
75665 54111
6547 78393
34669 36555
88485 86465
32720 55150
34396 8382
71055 99534
94496 93368
95938 58213
6777 41646
12520 3865
48759 91978
65262 6562
60852 24064
85971 96027
8641 61635
66489 31539
56380 1158
68094 61216
87622 17165
32717 22017
25546 3771
37902 20042
13491 33839
78254 20267
91836 7125
24131 56946
15454 5744
79860 92657
29808 65830
88684 54800
43817 55172
86338 196
72681 70783
61411 76654
87948 94127
98670 29845
14249 52923
49886 27739
86762 44492
64357 78597
67968 4840
51895 99774
26935 31754
92430 56742
97583 97465
27893 41399
68989 14231
41594 41669
85013 19356
18323 89312
29834 33344
19157 44083
86267 69042
88173 89380
29885 68882
84328 14205
73721 36222
13978 655
67975 22759
73749 81910
20224 1641
23308 5564
32223 81254
63584 33588
16961 81906
22899 46795
31602 42055
7229 34220
27449 11753
23599 57333
80634 24278
87889 54354
60500 1866
71361 44826
24625 45109
26735 61200
63101 66395
66763 11676
47648 46698
45263 80960
28604 68161
27754 76557
10216 51334
10776 37664
63087 50726
11348 43720
75003 15589
14426 51854
17454 85786
96680 58430
47246 39766
35981 26698
6160 19095
38373 70159
65793 83635
51119 10748
51796 95224
87304 78363
46558 14431
32378 9644
81508 60077
69715 72862
75665 84140
24716 93119
69925 37747
67900 33522
77512 3881
60220 24
22975 98592
70182 88767
82227 21300
99514 50374
16524 3169
28736 79433
33951 61113
5428 15458
21189 75142
4672 96854
75634 45739
6324 45558
83485 90575
79080 77348
94455 55651
77371 33782
54242 63905
38900 36468
85204 38414
3193 18079
57934 31928
97511 91885
9392 2938
23694 46933
94432 28365
60138 70065
74103 82813
31974 73939
73387 27405
51287 84194
83055 45009
17975 37297
25265 56874
90116 10469
11639 93309
44899 69573
41588 58762
77809 67332
78051 1502
14264 72482
46219 74401
42546 20321
73565 90872
10612 46951
18276 61898
31144 1331
23258 65470
38627 48523
22344 45094
75343 50334
38402 36593
36258 96342
95354 14066
63673 73405
31920 77936
62238 78138
68688 21136
14810 58604
12007 25421
5554 30282
3670 53050
47964 43280
18519 2942
91802 57214
48036 83496
7548 2789
20088 43805
15482 31794
74223 79154
21550 6142
73441 139
631 58480
21274 15440
17083 49632
57213 22637
96266 77234
92038 44229
20513 10556
63523 28666
84122 27910
12161 91669
30698 48601
51825 46180
96746 26047
41685 34647
48540 15126
34785 49170
89957 56059
80962 7040
22042 38174
46028 18307
15407 38065
78888 52272
64972 42410
80937 49093
70319 9450
57113 17368
58050 25290
79899 71147
51336 21584
5793 16228
53061 40577
65397 43017
12987 62710
50056 35029
17235 96083
69687 48994
50499 48574
1265 15471
90983 82201
80915 77653
91650 38028
95021 66051
63317 74919
53549 31004
12854 59341
63583 65914
16270 45332
8931 29256
8041 75338
80636 25276
87773 50323
74269 38271
15248 91885
70093 22583
74085 67360
235 82087
21739 11607
64489 1407
2878 18038
32410 15731
93730 12345
97997 9999
57676 6927
55607 65716
98616 52594
7343 86388
19268 81611
41011 34516
89847 27455
73450 63932
94814 90036
62370 16552
1643 26858
17958 20872
61247 66720
36602 54977
79064 34598
81327 36739
57876 53285
18806 56492
22231 26149
59231 41498
24111 241
92365 13958
44048 65814
94241 38861
55850 56610
71765 73844
99819 6074
94715 77418
72793 47668
48746 68208
98618 30072
4946 72845
99709 23752
45688 21939
66252 4919
79788 90362
21511 72153
4319 65558
54318 14911
20771 10167
71520 8887
362 87691
14960 11428
65108 87753
59096 13853
55960 74065
60276 77258
46909 59984
17361 92597
98274 99964
13867 78062
90325 35377
50214 10996
17287 4531
25906 54409
31050 13778
63295 47763
1468 78254
59191 66575
82358 34638
80427 54670
8702 57054
48279 71962
33390 81991
80910 31663
81954 94776
9724 72278
46505 76289
99625 80143
97172 25531
34551 44573
55660 14197
92335 57127
92450 67877
23701 91160
2514 20479
45829 27567
77532 10459
99529 10921
92449 96790
58936 74402
7918 85011
63031 54422
61300 62656
50916 74823
4538 1818
19395 60197
16014 28081
17323 24815
95958 57375
15974 98471
94205 78154
42390 88088
88612 58270
15361 97412
55059 74296
71813 62976
59306 34844
33749 36957
13851 84664
11779 34740
2833 47525
94936 18846
75606 28610
43661 87915
2336 75986
2737 96540
70492 45126
84627 59103
3395 16339
72867 74806
90634 44679
37781 66292
95874 87882
3248 26076
88897 31379
60815 91730
95255 72102
10575 87212
17063 70587
75126 19398
62925 77863
15937 33416
22988 16916
8870 42735
33254 81736
17540 40240
42767 71672
6531 38640
59553 26130
81068 64802
73860 58234
56531 69115
30336 83457
56326 47398
70396 47804
83148 33320
25666 99084
66735 65005
32351 75604
24091 81957
57340 41630
38548 16458
29654 61430
71449 89206
87559 52516
70359 77771
10750 43241
46885 57437
43050 19562
21186 13445
67365 4333
46764 9382
19769 29850
90739 52119
21805 14829
50427 95496
56459 88974
11953 2464
66755 83402
8021 70666
35917 78380
48436 63018
21620 11672
20454 64669
31233 41640
94465 14950
62324 57580
40683 82092
87429 31421
50563 9234
46250 989
21081 19060
6315 33034
21523 73069
16435 29543
43734 68703
7922 8521
48073 45894
20192 68526
26914 67777
26517 21379
99078 88841
78958 39760
87284 82739
71181 37846
8324 33782
55187 29404
52841 61501
62437 74363
50921 95223
20257 11007
63926 28179
35879 11998
90424 56071
96875 17337
40199 39744
38715 55628
44936 34025
95387 32219
16763 82919
70065 25086
16700 25251
54489 69540
3103 16926
60254 70375
28500 80511
81381 8777
25041 33612
37126 15464
89682 34001
32800 46232
90096 87867
1859 35031
21891 13597
83601 38653
12868 70017
80090 29567
11619 34578
15459 14721
67855 75712
1448 96355
72574 99180
5131 97614
32791 58609
29429 38824
92609 62229
85055 99056
66447 3265
50438 4689
33214 34038
59693 46081
4055 39782
75647 15673
74359 7457
46746 58566
83169 64545
71272 55742
63724 92754
69708 96515
51362 99136
35338 60322
77716 36745
59377 44162
56361 9814
65202 5926
60204 24894
52006 64258
64675 44005
96282 55386
51461 59379
30303 50981
23923 1574
23075 3999
94327 92782
513 45689
91917 52202
6010 69633
5298 81739
30146 78011
91552 95348
83936 51755
36593 35942
32364 1268
79946 44998
73005 47758
4376 3307
98739 44651
4880 21813
48649 15558
30946 65513
77598 22862
17714 83608
8846 39364
65346 55344
17374 73249
67043 1309
41356 3635
37250 73719
21254 33547
35068 94258
81305 39444
97564 96395
446 18795
34559 49094
34353 65504
30958 28302
88365 65023
11909 13563
4386 93606
85258 21759
83207 52300
23068 24562
55934 76669
14632 77188
26568 49700
87797 24224
5495 1713
20618 5940
20507 55176
71385 71211
20679 18694
99513 25395
83716 27773
38957 88102
37731 24214
9860 20937
92865 49279
45498 65151
42300 76481
42338 68867
26180 46486
93090 48026
48198 30059
53965 85057
1586 41701
56267 22264
60394 72131
47658 44110
16256 2967
48563 53986
43532 74774
74922 52749
40405 36771
17899 82704
29603 76588
67922 55783
23073 77363
3808 71271
7421 74125
56327 9006
32177 28945
47621 8923
17428 11630
69384 33683
30948 17946
87668 90832
92719 78941
43580 33123
32063 61478
32178 61665
38065 99
33799 61137
93813 53959
48759 17585
28083 21437
26590 76611
50382 90562
85533 67809
2192 71268
1491 49491
89213 5510
40322 98284
84450 83901
47758 32864
45378 79936
94528 99794
96386 28327
77283 90199
82285 26041
24135 26719
63830 67077
19681 14211
57638 21566
98371 76181
92833 16213
25672 82046
38074 65993
96681 22523
49894 44438
71738 11623
40725 66265
27769 37111
10943 5051
43661 93227
47443 67795
36297 11272
51223 72330
41834 8861
93895 40204
1393 86727
72768 27064
85124 10841
9409 81804
49715 75654
26242 21452
87276 83318
4069 15044
20428 15011
36446 80440
24590 83889
64587 60886
95160 15809
49567 36994
41021 43461
93549 42414
30188 82669
69477 31663
93509 78885
13467 59576
54538 56060
97379 58166
39377 1447
89561 76157
16458 26007
72948 41047
9895 37534
18284 21406
69695 67851
74751 10715
11311 68300
53128 57850
50968 38957
89513 60828
34193 19331
36755 5083
91742 34134
63248 47470
35580 69160
23626 52037
95166 96574
9435 21412
50459 27719
59170 20153
11921 33920
47220 39583
18571 347
13785 85890
39303 19649
46718 73496
38979 99824
78578 47072
33957 58177
94541 69537
27336 34519
37925 38854
31092 47360
76617 97902
91430 35786
34407 19702
86058 81626
59284 4628
81972 73068
90518 37627
92716 53587
27474 48046
53410 22403
95117 3719
80579 6010
73255 24266
40528 11179
79471 87971
74890 56088
85872 82671
8225 20278
2372 10634
1903 61656
15262 227
51075 22131
37853 60143
92069 65326
24540 61830
87728 36009
65548 84658
42018 38802
25275 82545
66333 4746
70515 57574
77185 56386
40245 1761
93016 42616
12395 94918
20623 44008
95144 88050
66138 32996
48192 74558
14673 72731
36387 18752
8739 1935
19761 67108
57088 45036
49652 39772
49781 20166
97346 43317
92904 37590
45077 85919
96557 73823
97188 17180
17830 92332
21581 319
41679 69772
74876 72704
58854 11263
7807 83945
29549 27568
51052 2988
72603 17056
42760 38735
53573 56457
82051 46476
10398 43479
48746 6954
17302 45934
40485 35131
54617 78417
35450 12647
48188 26677
