1
0 0
0 0
1
1 1
1 1
6
-9999 9999
-10000 10000
-9998 10000
-9998 9998
-10000 9998
-9999 -9999
9999 9999
6
9999 -9999
10000 -9999
10000 -9998
9998 -10000
9998 -9998
9999 -10000
10000 -10000
6
-9999 -9999
-10000 -10000
-9998 -9998
-9998 -10000
-10000 -9998
-9999 10000
10000 -9999
7
9999 9999
10000 10000
9998 9998
10000 9998
9998 10000
-10000 -10000
9999 10000
10000 9999
20
6889 5159
226 5676
-468 8163
-4363 2367
8195 6205
-3797 7977
-557 -1317
8261 -460
-4790 974
6889 -2024
3363 5159
7352 -3496
-6179 -5228
6064 -8392
159 -7819
4131 6290
9277 1752
1926 1513
-6212 2256
-469 5159
7536 6850
24
7964 8462
4106 6233
7901 8996
-989 9926
5867 2256
2603 -5140
-7658 5892
6319 -7073
-9096 8201
3612 8462
2127 -2176
9611 8462
7964 -6301
-5789 8740
7964 -7970
-5584 -2994
73 8462
9765 -2829
6767 -6612
9331 8462
6909 -4987
-1154 -568
1382 -3771
6754 1212
7964 -3282
13
-9087 -4383
-2956 -2816
2675 4313
-1712 -9970
-3312 2748
7509 -1712
4037 3244
-9087 -4816
551 1228
7678 -3759
6181 6249
9989 -8331
9737 3570
-5730 -9953
8
6455 567
2985 -4401
-7997 -2066
6455 -940
7228 417
-3059 -4432
6455 567
1167 8769
-9160 4027
37
3107 4247
-2551 -5843
-9823 -3332
4370 2411
3107 9639
-2104 -4132
-5206 4247
461 -1937
-1706 8174
6817 -3127
3992 -3962
7888 2535
9492 -8684
4998 -9843
380 -228
3586 -2634
-4782 -1376
-8723 4040
-968 -7622
-5856 4247
-5682 -6041
928 9774
-7032 3599
-92 -3551
-27 -5960
-5625 9252
6363 4247
-4863 6847
4363 -8673
7378 4247
-9188 4247
-3388 -7024
9372 8022
1478 6103
9811 8116
708 6514
5821 1728
5961 -9996
14
-6361 137
-6361 8859
-1839 -8755
-7454 6599
-6361 137
-163 4344
-6973 -1777
-2266 137
-6973 137
2599 983
-2332 -194
2203 2646
-7514 2441
-7458 5987
7451 6205
11
380 5710
-1108 -891
-8494 5710
-277 8896
1436 -8131
7776 3970
-3894 -1481
8458 -1687
5477 -9386
3729 5710
9245 -8430
380 -9413
40
-3043 -9801
-8590 -5841
3475 -7537
-3043 -9507
7184 -7753
9184 9331
-533 8743
2718 9860
1617 7954
6088 -5143
-4179 -9075
-9589 -8536
1016 -7155
2739 -1104
8979 -9801
-1656 -3587
-4134 9006
-4461 3764
-1077 5353
-5041 8743
-751 -334
-9964 2375
-3043 5373
904 4126
3564 -5353
-4398 -7584
-9190 522
-2075 -4948
5105 1908
-3043 -3888
604 8400
-1703 397
2543 -1784
-1932 5764
-2564 -6859
-2372 -7210
-2919 -1698
3894 3041
-3043 4904
-3043 -9490
7771 -9801
36
537 -8671
4839 -9872
537 9994
3994 -5467
-4242 -782
-6635 7944
-1054 483
8208 5787
6137 -5597
8801 -9005
-5320 -6265
2762 2216
4099 -4312
-2939 2638
9130 8596
1619 4083
-4683 -8671
-9923 -7192
3610 -2070
-926 -7954
5896 -885
-9424 -8671
-5808 -6245
3454 -3756
-4907 4250
537 -8554
4492 -8671
9578 -7638
-8026 -1720
-1187 -1461
6587 -8671
-200 7422
-3608 1141
822 -4067
2094 -4780
-7626 -8022
-5025 4722
23
3193 4839
-7565 -7635
-2822 4070
-5569 -5198
3493 2570
-6573 1063
1709 4839
-2088 210
3193 5629
1390 -5731
6324 -2931
2580 -7840
529 -888
3193 3055
-106 -382
6956 2086
6434 -2318
3193 4839
9234 -1176
3157 3432
-2873 4647
-9561 -9509
3193 3078
3193 4839
1000
4721 -774
-5670 -2839
-3424 4946
-1814 627
3733 -9162
-1821 -9938
7377 4649
-3399 6413
-9561 -6623
3673 -8431
1958 -850
2040 6118
-9455 -9274
-4146 -5277
4710 -4603
-2148 8011
9547 1410
3737 4428
-80 -774
-9315 1640
-4205 -5858
-3195 9438
1321 9371
1723 3627
8328 -3387
-9819 1297
-2736 -3540
2014 -9980
-9128 8588
-392 6368
4946 978
8996 -6603
-6852 78
2101 -4685
-1426 4359
757 9802
5652 6895
-6894 8474
-2781 1232
2283 -5434
4721 8828
2618 -60
-5016 -4511
8530 -1036
-1007 6137
9161 8472
2695 -4947
5470 -8188
4721 -774
5247 5509
-2215 -9232
6597 4210
-9514 434
4721 -3051
4721 -7784
-9138 6902
-3704 9687
-4499 1913
-3878 -7493
-382 5282
4721 -9131
4883 8994
1718 1196
-5968 4008
-4815 9971
8004 -9228
2831 -774
6356 2968
-5226 -6813
3104 1118
6412 6260
-1445 -968
248 7230
-3662 -774
-9616 -6133
-8760 -2210
5351 -2842
-8452 -2901
5130 1255
-1756 -774
-6190 -2848
-2984 2320
-9728 1081
-79 -8966
5815 -4755
-8086 -3328
-572 -774
2511 -9264
-6863 -7063
8418 -5149
2494 -342
3569 -774
-4369 -5237
7567 7531
1298 -774
-9888 6032
-9610 202
4721 -7762
5567 -2403
4721 8274
-5041 205
-8539 3174
-1369 -577
-2103 -2059
6712 7701
-9566 -509
-9194 5962
-7867 -9026
-9465 7405
8492 2084
-3190 1804
-4326 8669
2572 2606
-6086 -6462
-4079 -4178
3645 4558
-7357 -6685
-2032 4216
5556 1078
-5851 506
-2861 4718
-3297 9256
-1823 7985
31 3903
9691 -3895
9853 8975
9293 6259
-6920 -774
4089 342
2947 2886
-7777 2286
5867 -774
6348 -7838
1685 -269
8455 6545
7128 -6640
6992 343
-5839 -1900
4721 -2236
1299 8590
1764 136
-401 6664
2900 -6380
-6810 6632
-8624 -2135
1123 -5407
-7179 -7228
6460 1175
4721 1166
-193 8625
7494 -8050
4721 6772
-5508 8939
-3183 1473
-2650 5164
8718 -378
-2817 -7413
-1976 -581
-2521 -1362
-1983 9862
-405 -1080
-5130 9118
-7801 -2226
9601 1318
3513 -266
3679 -3657
-5453 9684
-9192 -5994
-7738 -2717
-9127 -9910
2093 -6013
-6046 -774
6923 -6458
8567 6148
-2375 2315
1656 6542
2815 -8159
4297 3847
3177 1464
-5967 -7594
8222 7866
-902 -1676
1300 6440
-5031 8702
4721 -9880
5284 -1410
-498 -4330
1989 9378
-8249 356
8924 -9267
6104 -628
-1771 -2182
6037 7754
418 -6336
4252 -1319
2354 1415
-1172 8099
1116 -9130
-1136 -5520
7239 -1490
9768 -3237
-6736 -2869
-1222 6920
-7069 5033
-2119 812
4085 -774
7078 7479
-5791 -774
-7273 -206
744 9401
-9695 5144
4901 -5218
-9443 253
-4832 -4431
-5610 136
6483 -8221
2539 -8734
-411 4583
4721 3288
5233 -7622
-9365 -2314
-2525 -6209
838 1045
-91 -774
-3369 9904
-1647 -8647
414 1724
405 -3054
4148 3874
-2019 4906
-4617 -3029
7046 6565
-4464 5392
6387 4128
-9298 -4152
4237 254
-1018 638
-8393 9935
-5179 3975
4721 2769
7418 -3662
9585 -774
6989 -7200
5719 1649
-3745 -210
-7543 414
6159 -5230
6490 9206
4721 510
-5070 -1916
8736 4184
-2854 -5574
-7094 -4992
4721 6413
7671 -5133
7622 -6640
9753 7354
4840 5800
-8753 111
664 -7465
-9767 -8366
9677 -992
-1751 -2074
7851 -5147
-9094 226
-1075 5559
-7311 194
4721 3337
9274 3766
-411 6670
-2062 -1193
-4082 8262
2757 1575
30 5143
-6224 287
6155 8001
126 -483
-1332 3011
4590 -824
-5975 -4873
-9980 8791
-6529 -2793
-9820 -9671
8569 -3792
-2139 -2735
1642 3990
-9715 -2944
8417 -6311
3162 113
8812 8119
7949 -774
8617 -1614
8323 2383
-3218 9580
-4512 2180
7917 6083
-7847 4297
-1575 8475
3726 5485
5467 4935
3729 5287
5703 182
-8506 -774
4721 -7230
-2299 7719
6396 -2159
9725 -774
8393 -774
-2012 4067
7841 9702
6737 -7092
-7458 9111
1531 -4946
-9821 -8969
-8597 -774
5454 146
-7710 4807
-7093 -8749
-4923 -296
-8313 -2326
-399 -8520
2886 229
-8591 -2319
3285 1306
3312 -1958
4879 -665
5544 -774
9544 246
-8461 -1296
915 -7767
4721 8850
-4615 8285
-9974 -5277
4857 3669
5690 -9127
518 -6703
-4245 -326
4144 1996
-6532 1568
1358 2570
-2171 -4096
9252 7318
8846 -3246
-3559 5197
730 -7706
-404 2007
4198 -65
-2206 -2921
4618 -774
2078 1144
29 -1605
3474 7473
7268 -8826
5258 1176
7982 -366
3528 9911
-8175 7091
-3382 1933
1270 -774
6472 -8171
-2172 7842
8446 7289
-4091 1808
-7398 -80
4689 -8432
3277 -6360
-9657 -405
6303 7969
7048 5836
-9919 -5858
-9933 -301
4721 -5601
-3668 -5371
4680 -6225
-4557 9381
1047 -2489
8170 7051
8359 -1549
723 -6447
-1190 237
7252 -2321
4197 -6961
4721 325
-1683 -2172
706 3470
-6642 -5186
-1870 959
-5630 8495
-7396 1537
-1367 2821
6009 2057
4721 5377
2890 -1189
-5759 -774
-563 6719
-3419 3286
7546 -7511
2252 -5398
8429 -9644
344 4784
158 4494
6223 9895
-1523 -2423
4721 -4244
534 -214
-7028 -4703
8836 8322
8739 -4023
-8295 8535
-5088 -774
3672 -687
1717 5860
2506 1624
356 3004
-9737 2022
-7115 -6913
6424 -8642
-4610 5602
9840 -7173
-8828 2745
-9557 -5163
1851 7452
-3607 5305
385 4216
3116 8481
-1097 -5262
8066 -2642
-2274 -8961
-4293 -1523
1379 -6794
4721 -2302
-304 308
-52 -6561
4721 4170
-7815 -774
2441 -3392
-7450 -5001
8243 3745
6982 1682
1153 -8079
498 3092
2742 -8855
2016 537
3556 -774
-8137 -953
-2510 -776
8751 -7935
4495 -7700
7777 2330
-5084 3680
-6686 6590
4093 1214
4721 -3804
-2371 -2323
1892 -2640
6125 9410
-4334 -542
4750 4357
-4544 7581
-3529 -774
5768 3512
4721 4585
-6356 9026
1034 -774
-660 -1183
4721 -8638
3194 3870
-1901 -8426
4721 4874
-9943 6636
5393 4079
-8716 -774
2867 2900
5428 9435
2558 3467
3492 9374
9480 6680
2014 -2607
8270 -6602
4721 -1183
-5465 -2465
-6881 -58
-8009 -9361
-6421 9752
-1255 -4211
9159 -774
7915 -7666
-4344 -3964
4721 -3364
-8803 6579
8665 964
7522 -9147
-2623 -8840
4721 -774
7358 -8375
8951 5912
-8694 -7684
8689 -7698
-1086 7760
-7236 6994
-8385 -9299
-5038 9893
573 3975
8176 3869
-1898 -2713
-2942 -9841
4812 3050
-7684 -322
9317 7445
3131 -3530
-8099 -7108
-6210 3418
5985 9149
9801 -9361
-2119 -1577
5995 -9067
4454 2971
4721 -5466
8642 4173
8533 2679
-6015 1866
6271 -4839
4721 -3412
-5316 -6042
2859 7818
935 2382
6440 5428
4721 -402
4448 2733
4499 8418
-9705 -6236
-1732 -6923
9989 4735
-5707 8655
-9956 4977
-6916 -4868
-1576 -1513
-4984 -4951
2159 -774
275 -1563
5226 9308
-8288 4250
4721 6196
-3007 -1102
4069 -6300
-9501 -3843
-8053 -937
8680 -1196
-6910 6907
4189 9838
-2785 -2123
7916 7885
-7092 -6109
4721 1473
4721 1262
-8381 -7389
-2588 7636
-7799 9925
5411 -499
-5721 -4664
3388 -7092
5239 -6159
-7263 -4173
-3128 9515
6066 -8062
-1105 -8251
-4554 4267
-2423 -3806
7282 2992
-6605 -495
4260 7930
-2423 -723
4138 -7740
6699 -8122
1612 4953
6519 621
5282 2936
7857 -6764
-5772 8030
4712 3173
327 9956
-8875 -10
-8697 -1201
5033 -7321
945 7208
2750 86
-4601 2460
-6396 969
-3765 -9030
569 931
7403 5921
-3383 393
-9479 6123
4721 -9626
7424 8148
5319 5168
7898 -2344
603 -2637
-2157 -774
1379 4758
5509 2723
7833 -4389
7733 -1733
-4676 -1127
-1973 -1928
-4394 -5719
-662 -1429
7129 -7404
-454 -6584
-6141 -4587
-6724 3227
8738 -6326
-8912 -774
-8203 -8111
-7254 2922
-8084 -3287
-5937 1944
-4261 6797
8080 -7395
-4686 -3507
4210 5092
-8754 7693
8524 -3436
-136 7426
-3369 1207
-9876 2511
4692 -3245
6893 5826
-4565 -1911
4721 6222
6373 2136
-1106 8148
-9467 9038
-6867 5138
7398 2832
-1597 -7356
-2809 6269
-7753 8087
3086 5869
-4714 -1142
9409 -774
-1330 7522
-525 1922
4271 -3261
1254 -6746
-4378 8939
-2440 -4887
6555 -9447
6478 8533
-8463 714
4848 4326
5455 -6808
2166 -1242
732 -9664
4721 -149
420 9840
-2546 5813
2405 7887
1615 -774
-8583 6533
-7991 -2958
6746 6367
4721 -1387
6255 1458
2958 -774
4721 -2132
4680 -7850
-2110 -6577
3409 376
6231 3553
258 6748
-846 -6056
4721 5147
-3905 1528
-8895 6152
9495 -46
5708 -2257
-1149 6276
2867 -5684
-5515 806
-6696 -774
2383 565
930 5311
-9111 -1105
5591 5486
1787 3323
-4638 -4124
3943 -6105
-5177 -6240
699 -6623
8074 -774
-9126 -7810
-5980 -8284
2 1057
5950 6939
-4106 -4111
6980 3795
6015 -4629
7784 9731
2548 -8746
-1979 6431
-7181 -774
-8674 -8638
-2122 -7856
8930 9609
1321 4837
-5454 -6739
8996 -7092
215 -7019
7601 -6373
-9565 268
-5043 7841
-7922 460
8669 7627
-9174 -4822
-5605 -3194
4896 6068
-7454 -1215
9764 -1127
-3574 -2943
-2832 -2496
4721 1621
5876 -774
-7624 -774
6705 -774
-4164 3101
1305 3354
2667 -9586
2655 -6792
-9783 -6666
8214 5353
7293 -3758
4728 9709
-57 116
-9001 -5741
-7192 -774
1800 2297
-1002 -774
2718 9234
-5786 1079
1897 -839
8513 3250
6424 9484
275 -7935
-3779 4325
4862 6822
-3419 1145
3356 -9635
-748 8138
-5270 294
-4718 -1972
-465 5172
2070 -4112
-8177 -4755
2495 4970
-6339 -671
-8340 -6551
-4981 -3351
3406 -4306
812 8496
2536 6361
6168 -6524
-4109 -9964
-3048 7483
4721 -2423
6709 3564
-4999 -696
4759 -4714
-9791 3212
-4302 -368
-3312 -774
-1156 3566
-9148 -5941
1228 -774
9449 4307
814 -1066
-2786 6982
2525 -9891
5328 -7285
-3398 -9613
8700 -6902
955 -9626
5574 -5255
-2649 -3153
3524 -8706
8943 5997
487 8780
8479 1655
-8079 -4892
-6302 -8052
7113 -1048
5932 3250
-1720 -6846
1892 1733
-9969 -1178
1352 6822
-4212 -1383
2267 8865
-126 -1935
-3801 6608
2458 7357
-7486 -774
5774 7290
-5619 -9429
-4575 7256
9186 -9867
2182 -4930
1545 5418
-2196 7382
-392 6467
4358 4890
6559 5951
-25 9928
6841 8935
-68 -9245
4841 -4151
-7925 -6987
-7393 7463
-6817 9960
-4268 -4420
-2578 -3313
492 -7847
1148 -3171
-322 3388
-7614 3353
7449 910
6131 -9815
-2699 -774
327 6670
-2020 4266
1076 2849
-9180 8390
-5844 3893
-5857 8681
-7252 3146
-5693 -1295
-9772 -1627
9224 5065
7632 9948
-24 -8977
-7837 -7971
4721 -7710
9856 5758
-8702 -7017
-7391 4288
-468 -1514
2464 -6507
-1016 2987
-420 3382
6647 -1400
-7383 -196
2171 7186
-3889 9599
-5505 -9512
-1471 -9495
968 -774
4721 2464
2875 -2361
5903 -774
-8751 3485
2410 -9722
2608 5088
4721 -1763
-7834 -6890
-339 -4802
441 -8497
-2124 -835
7476 -6892
-183 6245
1049 -2190
4832 -9036
1660 1928
-3358 659
-4023 -5253
9259 7254
-4160 4866
6608 -3935
-5150 -6723
5873 -5105
-2709 1706
3593 2775
6229 -2195
2078 -1681
-1461 -9188
3224 -9717
-6981 1184
7188 -7206
5017 2757
2405 -9736
-1164 522
6152 3043
4721 -9816
-8168 -9478
-757 -4822
-1342 -232
2618 314
2575 4693
-2003 4750
9144 7936
9146 6715
-819 -774
-1301 4262
-6791 8201
7337 2104
-8976 1447
5100 -904
2228 -3380
-7386 734
-8053 -3241
-4978 -2921
4794 7825
3126 8643
4215 -8519
-887 -2363
7358 -3116
-7178 1333
-3729 -6230
3401 6667
4468 -7271
4388 1116
269 -4310
-6142 -5860
-9157 3827
4721 -7935
7488 -1969
-6897 -5701
4721 5195
9784 5128
1355 5689
-6787 -5370
-5366 2603
4721 4202
3116 -4039
2265 -3026
-2725 -9114
3178 -3795
5441 3412
-5988 6431
-1893 -6780
497 -1744
-3599 -8399
2247 -6143
5909 -4992
-4112 8590
3122 -565
3682 -403
-3836 9624
-1151 3790
-8713 -5816
3304 -8379
7454 5347
758 1106
-9897 8013
-1256 -9345
5409 -9067
1939 8811
2117 -4971
5241 7839
2814 3163
-1019 2920
3180 -774
-5433 5359
-9807 8663
-8400 2578
9601 3571
2414 296
-5041 -8653
7534 598
9146 9304
-9016 -9380
3187 4651
5048 -9338
6547 4702
9419 -4883
5241 -4704
1820 3618
-7300 -2764
8353 -1827
5983 7948
-3291 -1517
-8541 2370
-8225 16
-8830 -763
9257 8272
7883 7355
4373 2045
5891 -1520
4583 -1557
7018 -2496
1187 6393
5841 -2467
-6133 7053
-8740 5728
-9072 -2847
-3999 9349
-6582 -7242
-1816 -2953
8619 3924
-5931 -4210
-8124 2714
2775 -901
0
